5870.10 -0.0147435845 0.0251445527
5870.30 -0.0063011535 0.0251547843
5870.50 0.0265122459 0.0251605860
5870.70 0.0029960572 0.0251583776
5870.90 0.0099740057 0.0251567899
5871.10 -0.0162032126 0.0251571175
5871.30 -0.0812852619 0.0251495541
5871.50 -0.0264219631 0.0251598509
5871.70 -0.0050011494 0.0251582922
5871.90 -0.0248203744 0.0251548699
5872.10 0.0058586028 0.0251590963
5872.30 0.0172630035 0.0251603042
5872.50 -0.0439110327 0.0251557638
5872.70 0.0126178090 0.0251572126
5872.90 -0.0194816956 0.0251562716
5873.10 -0.0154522904 0.0251539897
5873.30 -0.0422136250 0.0251462676
5873.50 0.0176896346 0.0251561946
5873.70 0.0469359531 0.0251639057
5873.90 -0.0221830561 0.0251589609
5874.10 0.0249679986 0.0251703717
5874.30 -0.0117441258 0.0251706958
5874.50 -0.0437854917 0.0251810593
5874.70 -0.0300581678 0.0251990818
5874.90 -0.0203433027 0.0252055083
5875.10 -0.0441118389 0.0252209141
5875.30 0.0206478897 0.0252383000
5875.50 0.0483441815 0.0252584306
5875.70 -0.0342289160 0.0252431928
5875.90 -0.0213626949 0.0252419450
5876.10 0.0001013201 0.0252484454
5876.30 0.0411530164 0.0252502236
5876.50 0.0201906706 0.0252567545
5876.70 -0.0255410107 0.0252397148
5876.90 0.0135970699 0.0252453594
5877.10 0.0320613141 0.0252371512
5877.30 0.0085671452 0.0252261634
5877.50 0.0419400387 0.0252193046
5877.70 0.0237704155 0.0252000710
5877.90 -0.0115628121 0.0251903372
5878.10 0.0221256001 0.0251777284
5878.30 -0.0020217842 0.0251647075
5878.50 -0.0167366744 0.0251513293
5878.70 -0.0185063218 0.0251753767
5878.90 0.0111194111 0.0251828677
5879.10 0.0248443502 0.0251859304
5879.30 -0.0308400651 0.0251718200
5879.50 -0.0050736733 0.0251702854
5879.70 -0.0079795090 0.0251821974
5879.90 -0.0236455714 0.0251951031
5880.10 -0.0135556396 0.0252177848
5880.30 0.0073778426 0.0252231288
5880.50 -0.0155274115 0.0252277964
5880.70 -0.0059037279 0.0252296850
5880.90 0.0082237190 0.0252577881
5881.10 0.0405920354 0.0252789448
5881.30 0.0125791332 0.0252670568
5881.50 0.0191853982 0.0252697201
5881.70 -0.0049783314 0.0252429942
5881.90 0.0527739183 0.0252676623
5882.10 0.0123225909 0.0252733624
5882.30 -0.0299450837 0.0252705136
5882.50 0.0356470774 0.0252822997
5882.70 0.0434345734 0.0252735611
5882.90 0.0662810553 0.0253045432
5883.10 -0.0136065369 0.0252893355
5883.30 0.0812403116 0.0253226515
5883.50 -0.0459454022 0.0252926151
5883.70 -0.0151649923 0.0252997619
5883.90 -0.0473743020 0.0252782054
5884.10 -0.0125742380 0.0252766272
5884.30 0.0039461164 0.0252752814
5884.50 -0.0071078369 0.0252670933
5884.70 0.0239095863 0.0252906806
5884.90 -0.0302050636 0.0252746660
5885.10 0.0143638910 0.0253378117
5885.30 -0.0299358235 0.0253257144
5885.50 -0.0030930142 0.0253680848
5885.70 0.0008627046 0.0253578099
5885.90 0.0139754702 0.0253322336
5886.10 0.0384128527 0.0253189013
5886.30 0.0250339281 0.0253655929
5886.50 -0.0026817495 0.0253827119
5886.70 0.0155444711 0.0254360002
5886.90 0.0125260041 0.0255009467
5887.10 -0.0540498005 0.0254904762
5887.30 0.0637693317 0.0255780590
5887.50 -0.0363093697 0.0255704937
5887.70 -0.0204550563 0.0256392002
5887.90 -0.0389132326 0.0256485023
5888.10 0.0061015145 0.0256503755
5888.30 0.0153176248 0.0257018925
5888.50 0.0295007693 0.0258944223
5888.70 0.0697383450 0.0260888693
5888.90 0.0969114917 0.0261291321
5889.10 0.0368902403 0.0261964739
5889.30 0.0066670173 0.0262015572
5889.50 0.0598745133 0.0262291793
5889.70 -0.1573916343 0.0261970604
5889.90 -0.0996270842 0.0261669517
5890.10 -0.0820495149 0.0261749283
5890.30 -0.0296756479 0.0262146320
5890.50 -0.0560572211 0.0261976215
5890.70 -0.0568320142 0.0262367085
5890.90 -0.0479108662 0.0261952337
5891.10 -0.0327229460 0.0261482999
5891.30 -0.0903138633 0.0260626264
5891.50 -0.0282870926 0.0258663441
5891.70 0.0494657863 0.0257707087
5891.90 -0.0004364792 0.0256909506
5892.10 -0.0011136200 0.0256282395
5892.30 0.0222979539 0.0255884220
5892.50 0.0022111945 0.0255701045
5892.70 0.0288501930 0.0255747666
5892.90 -0.0429011607 0.0255400815
5893.10 0.0256854389 0.0255438254
5893.30 0.0415869413 0.0255516646
5893.50 -0.0217747199 0.0255360746
5893.70 0.0006175473 0.0255123861
5893.90 -0.0328593466 0.0255314210
5894.10 -0.0159426315 0.0255801241
5894.30 -0.0058509730 0.0256221995
5894.50 0.0082511901 0.0257208806
5894.70 0.0402273771 0.0257848956
5894.90 0.0473244789 0.0258064726
5895.10 0.0328283742 0.0258241990
5895.30 0.0716714919 0.0258489883
5895.50 -0.0216439644 0.0258850216
5895.70 -0.0738740871 0.0258828800
5895.90 -0.1296586497 0.0259066855
5896.10 -0.0782036792 0.0259183386
5896.30 -0.0056835797 0.0259198972
5896.50 -0.0163846201 0.0259266659
5896.70 0.0038367420 0.0259009583
5896.90 -0.0159067116 0.0258753595
5897.10 -0.0447791067 0.0258434048
5897.30 -0.0826253746 0.0258141803
5897.50 0.0092510411 0.0257021416
5897.70 -0.0209729489 0.0256548305
5897.90 -0.0322085268 0.0256256160
5898.10 0.0167497681 0.0256485808
5898.30 -0.0317752571 0.0255997384
5898.50 -0.0188533341 0.0255458432
5898.70 0.0032720837 0.0254971448
5898.90 -0.0160818445 0.0254721018
5899.10 -0.0086057660 0.0255409274
5899.30 -0.0180910052 0.0255173060
5899.50 -0.0178274139 0.0254954920
5899.70 -0.0835817966 0.0254732179
5899.90 0.0048883318 0.0254815239
5900.10 -0.0386827361 0.0254585653
5900.30 0.0061040599 0.0254300054
5900.50 0.0019637459 0.0255003359
5900.70 -0.0147767292 0.0255328873
5900.90 -0.0394829557 0.0254978649
5901.10 -0.0242062054 0.0255140465
5901.30 -0.0294683545 0.0255060553
5901.50 0.0099676562 0.0255520717
5901.70 -0.0135609268 0.0255436734
5901.90 0.0309522444 0.0254960760
5902.10 -0.0252881701 0.0254259996
5902.30 0.0109345701 0.0254154496
5902.50 -0.0110817572 0.0254278185
5902.70 -0.0278077719 0.0254332643
5902.90 0.0095000155 0.0254507789
5903.10 -0.0177949585 0.0254460764
5903.30 0.0175722829 0.0254095677
5903.50 0.0626999096 0.0253535567
5903.70 -0.0024296485 0.0253146947
5903.90 0.0313098634 0.0253249289
5904.10 0.0134775831 0.0252991467
5904.30 0.0289701538 0.0253041544
5904.50 -0.0117634237 0.0253053045
5904.70 0.0342074344 0.0253054749
5904.90 0.0109410483 0.0253035530
5905.10 0.0354189237 0.0253044353
5905.30 0.0663083285 0.0253188673
5905.50 0.0580129654 0.0253023786
5905.70 0.0063515525 0.0252738649
5905.90 0.0386566864 0.0252659503
5906.10 0.0002081959 0.0252618290
5906.30 -0.0017143550 0.0252765322
5906.50 0.0890462721 0.0253043675
5906.70 0.0435332721 0.0252959925
5906.90 0.0239737310 0.0253150793
5907.10 0.0348678964 0.0253112347
5907.30 0.0332716041 0.0253156572
5907.50 0.0431349437 0.0253088394
5907.70 0.0190921780 0.0252958065
5907.90 -0.0133581667 0.0253082630
5908.10 -0.0126106955 0.0253382133
5908.30 0.0126183145 0.0253409022
5908.50 0.0091035956 0.0253435701
5908.70 -0.0436397524 0.0253351955
5908.90 -0.0210811560 0.0253369348
5909.10 0.0204857628 0.0253517156
5909.30 -0.0763530203 0.0253448236
5909.50 0.0170507696 0.0253526119
5909.70 -0.0473058851 0.0253604529
5909.90 0.0022341932 0.0253769971
5910.10 -0.0280775296 0.0253586524
5910.30 -0.0014544308 0.0253490483
5910.50 0.0140702660 0.0253435212
5910.70 -0.0123980476 0.0253443118
5910.90 0.0053574938 0.0253342284
5911.10 0.0395452864 0.0253219608
5911.30 -0.0079982286 0.0253025922
5911.50 -0.0142030848 0.0253062034
5911.70 0.0665429007 0.0253412119
5911.90 0.0597724794 0.0253417344
5912.10 -0.0788387740 0.0253652795
5912.30 -0.0298399978 0.0253293623
5912.50 -0.0461160681 0.0253256760
5912.70 -0.0376336699 0.0252939994
5912.90 -0.0008256060 0.0252739756
5913.10 -0.0015490404 0.0252862517
5913.30 0.0190361920 0.0253084604
5913.50 0.0582764174 0.0253205389
5913.70 -0.0160066228 0.0253064547
5913.90 -0.0903837018 0.0253109536
5914.10 -0.0558666143 0.0253164909
5914.30 -0.0036667589 0.0253329185
5914.50 -0.0263686322 0.0253472691
5914.70 0.0342392943 0.0253636866
5914.90 -0.0311188641 0.0253329678
5915.10 -0.0104879194 0.0253166593
5915.30 -0.0287480067 0.0253003306
5915.50 -0.0107517342 0.0253050488
5915.70 -0.0187926357 0.0253233963
5915.90 -0.0403806795 0.0253062307
