-1.186724061050573459e-01 -8.579303733400323040e-04 8.408197054523883739e-04
-1.137413925791510017e-01 -1.716236055466113797e-03 7.671993152166760961e-04
-1.089979324714992065e-01 -1.558286088054749996e-05 7.534024462789326668e-04
-1.040591074293050755e-01 3.450384314829246790e-04 7.553264752924804606e-04
-9.919842553135183039e-02 -5.582593653552514468e-05 7.032954708041832311e-04
-9.440808217809315561e-02 8.438894665855345423e-04 6.702305146868643747e-04
-8.928952183627637817e-02 -1.048780309722552317e-04 7.179306247039888211e-04
-8.457731533931180101e-02 -6.647899865502848726e-04 6.792031973587854239e-04
-7.959160673711344891e-02 -9.729470794050953941e-04 6.999870145310447753e-04
-7.464496326189011544e-02 -4.305069976007214194e-05 6.994472254163380072e-04
-6.983898995931443754e-02 -2.773217069240718757e-04 6.469378360456083839e-04
-6.499393832507552315e-02 9.095656596824763795e-04 6.409476128822257654e-04
-6.001604155356230624e-02 -3.616698719312028132e-04 6.288912706885669592e-04
-5.515535965560906806e-02 1.703718684375576942e-03 6.173048459490634550e-04
-5.031812614000204936e-02 1.107646989708666041e-03 6.684281344212625233e-04
-4.532459941917181545e-02 2.530495728361170649e-04 6.313892919367298856e-04
-4.046391752121857727e-02 -1.550505787693001736e-04 5.997398864332408952e-04
-3.561887248932379263e-02 -9.998045712263925466e-04 6.173242501081456068e-04
-3.071911917644878226e-02 -2.929809424426776943e-04 6.184325612475433716e-04
-2.582718398220566064e-02 -1.268222700769094935e-03 6.080923223997436932e-04
-2.085709904137754075e-02 -1.147944505894282763e-03 6.138537715845808745e-04
-1.600423557645352587e-02 -1.393639150972680874e-03 6.438244096425076125e-04
-1.111229377986628318e-02 -5.509767557734246424e-04 6.332797496894466364e-04
-6.204728636306162774e-03 -2.117963124346200487e-03 6.583866786387161402e-04
-1.273721712743934847e-03 -2.368844985145335258e-03 6.596846598866153025e-04
3.586959870811968782e-03 -2.506489534256806095e-03 6.643393828480810472e-04
8.525785227403426952e-03 -1.323354237244833698e-03 6.448936731695884385e-04
1.336301842861310069e-02 -3.764510632516482325e-03 6.440238204651351460e-04
1.820806346050788532e-02 -1.683409752382458713e-03 6.253540932550170472e-04
2.178715050755095778e-02 -1.527781186575261074e-03 1.101820016242780007e-03
2.803101218065735464e-02 -1.286587016981033393e-03 6.846516328972826384e-04
3.290732371353025792e-02 -2.425045911971013268e-03 6.632256420977156348e-04
3.759607522580449279e-02 -2.262406543804718062e-03 6.714661119471213978e-04
4.276152572996960721e-02 -1.222739480404411161e-03 6.245082043940745464e-04
4.763783066049839116e-02 -1.479608614416538792e-03 6.051333098487552634e-04
5.227970584390721071e-02 -1.348176060555816846e-03 6.150682600469046645e-04
5.749203959367920475e-02 1.300105741758650346e-03 6.693182063172183191e-04
6.226675959996499227e-02 8.355642122972462005e-04 6.682046616664324068e-04
6.711962275049167259e-02 3.920261288143933598e-04 6.746273571087427678e-04
7.205062967405390095e-02 1.090354781676516893e-04 6.409786504244022187e-04
7.693475303761192208e-02 3.353926936269235881e-04 6.581816409441144933e-04
8.202986499708245227e-02 1.184165380760937580e-04 6.565729318523523496e-04
8.673425306101781307e-02 4.652300253269459063e-04 6.197981061922413788e-04
9.171215014692837841e-02 5.392910967961794810e-04 6.496460963120743439e-04
9.632276480290852261e-02 7.963637334722495353e-04 6.927056506394726944e-04
1.014022468130620636e-01 -6.588639609663715646e-04 8.157680355211420443e-04
