5870.10 -0.0143084233 0.0338249993
5870.30 0.0007400689 0.0338387562
5870.50 0.0166549571 0.0338431319
5870.70 -0.0246742879 0.0338357184
5870.90 0.0008773103 0.0338361837
5871.10 -0.0300467217 0.0338380191
5871.30 -0.1031745142 0.0338246720
5871.50 -0.0299368704 0.0338387242
5871.70 0.0387920431 0.0338488889
5871.90 0.0146538182 0.0338390019
5872.10 0.0115914744 0.0338433013
5872.30 0.0086091332 0.0338372166
5872.50 -0.0347173940 0.0338305344
5872.70 -0.0145029757 0.0338317488
5872.90 -0.0287058953 0.0338312050
5873.10 -0.0169470977 0.0338330662
5873.30 -0.0224049154 0.0338285565
5873.50 0.0195224533 0.0338411323
5873.70 0.0574938901 0.0338525147
5873.90 -0.0012191813 0.0338479292
5874.10 0.0025713677 0.0338546567
5874.30 -0.0072198899 0.0338616577
5874.50 -0.0293687610 0.0338750760
5874.70 0.0191479896 0.0339037366
5874.90 -0.0342180566 0.0339060295
5875.10 -0.0364382315 0.0339219167
5875.30 -0.0037008646 0.0339422865
5875.50 0.0083313446 0.0339609876
5875.70 -0.0620898090 0.0339504022
5875.90 0.0085036411 0.0339613710
5876.10 0.0260157708 0.0339686291
5876.30 0.0067673938 0.0339536742
5876.50 0.0071541407 0.0339625010
5876.70 0.0116701589 0.0339460027
5876.90 0.0540831120 0.0339529248
5877.10 0.0691422196 0.0339458125
5877.30 0.0032693244 0.0339164914
5877.50 0.0794360519 0.0339159051
5877.70 0.0435627855 0.0338886053
5877.90 -0.0173971808 0.0338716839
5878.10 0.0296186835 0.0338540272
5878.30 0.0245701023 0.0338468458
5878.50 -0.0205015381 0.0338287030
5878.70 -0.0080363172 0.0338593924
5878.90 -0.0018729721 0.0338679549
5879.10 0.0265592619 0.0338785159
5879.30 -0.0185388930 0.0338654144
5879.50 0.0180620173 0.0338709434
5879.70 -0.0089219456 0.0338739267
5879.90 -0.0410785311 0.0338753021
5880.10 -0.0636277426 0.0339018834
5880.30 0.0075285441 0.0339187056
5880.50 -0.0729320892 0.0339188089
5880.70 -0.0480149604 0.0339294499
5880.90 0.0281535557 0.0339593080
5881.10 -0.0255518566 0.0339672070
5881.30 -0.0290909060 0.0339527333
5881.50 -0.0312097031 0.0339538918
5881.70 -0.0319468566 0.0339371822
5881.90 0.0369499998 0.0339668975
5882.10 -0.0063198556 0.0339739560
5882.30 -0.0394074791 0.0339710549
5882.50 0.0686526912 0.0339925750
5882.70 0.0683488594 0.0339805080
5882.90 0.0645921460 0.0340059332
5883.10 0.0110420541 0.0339926896
5883.30 0.1230333970 0.0340483943
5883.50 -0.0653525897 0.0340006113
5883.70 0.0350326347 0.0340358900
5883.90 -0.0207018985 0.0339920080
5884.10 -0.0298858525 0.0339788484
5884.30 0.0256017456 0.0339960604
5884.50 -0.0440589567 0.0339571715
5884.70 0.0373583961 0.0340022245
5884.90 -0.0121105436 0.0339815703
5885.10 0.0395799724 0.0340610714
5885.30 -0.0483182930 0.0340515201
5885.50 -0.0012338874 0.0340974029
5885.70 0.0006808729 0.0341025395
5885.90 -0.0002286700 0.0340557546
5886.10 0.0367524722 0.0340619840
5886.30 0.0107271674 0.0340840023
5886.50 0.0197620603 0.0341423907
5886.70 -0.0165100875 0.0341610543
5886.90 0.0536464219 0.0342908070
5887.10 -0.0465283376 0.0342744490
5887.30 0.0475155734 0.0343691848
5887.50 -0.0185027845 0.0343868055
5887.70 -0.0646535938 0.0344194973
5887.90 -0.0938750383 0.0344415153
5888.10 -0.0261370496 0.0344722890
5888.30 -0.0375345183 0.0345180469
5888.50 0.0792948279 0.0347591393
5888.70 0.0451917913 0.0350550208
5888.90 0.1248536685 0.0351310215
5889.10 0.0670432149 0.0352641811
5889.30 -0.0374584776 0.0353060064
5889.50 0.0502602998 0.0353287733
5889.70 -0.1548791240 0.0352344939
5889.90 -0.0811746722 0.0352332399
5890.10 -0.0577933563 0.0352131613
5890.30 0.0274008455 0.0352562674
5890.50 -0.0332932459 0.0352578708
5890.70 -0.1022393724 0.0352141040
5890.90 -0.0292045748 0.0352456887
5891.10 -0.0492941908 0.0351126821
5891.30 -0.1140101285 0.0350057817
5891.50 -0.0308387530 0.0347362622
5891.70 0.0015390168 0.0346011606
5891.90 0.0038046233 0.0345256653
5892.10 0.0207632347 0.0344370386
5892.30 0.0254449948 0.0344100602
5892.50 0.0266201673 0.0343774330
5892.70 0.0121897727 0.0343555358
5892.90 -0.0237876647 0.0343461219
5893.10 0.0676954012 0.0343242543
5893.30 0.0555357071 0.0343602417
5893.50 -0.0381443122 0.0343094965
5893.70 -0.0004089597 0.0343002576
5893.90 -0.0343366474 0.0343524100
5894.10 -0.0297810439 0.0343979838
5894.30 -0.0090690245 0.0344424642
5894.50 0.0185157682 0.0345853537
5894.70 0.0062639688 0.0346963674
5894.90 0.0424387434 0.0347461057
5895.10 0.0636013355 0.0348027264
5895.30 0.0997228750 0.0348390475
5895.50 0.0350833964 0.0348625332
5895.70 -0.0523182402 0.0348325500
5895.90 -0.1156923491 0.0348786528
5896.10 -0.0294257445 0.0348869696
5896.30 0.0121174224 0.0349034024
5896.50 -0.0230679945 0.0349089350
5896.70 0.0657056490 0.0348654279
5896.90 -0.0293877104 0.0348307379
5897.10 -0.0322733840 0.0347411464
5897.30 -0.0680012247 0.0347301059
5897.50 0.0158872803 0.0345663578
5897.70 -0.0348715026 0.0345187990
5897.90 -0.0959510713 0.0344735829
5898.10 0.0190744851 0.0344912485
5898.30 0.0082484935 0.0344301297
5898.50 -0.0241491016 0.0343380185
5898.70 -0.0027597166 0.0343029946
5898.90 -0.0124536431 0.0342550996
5899.10 -0.0491807046 0.0343277221
5899.30 -0.0235115281 0.0343144148
5899.50 -0.0346635388 0.0342810952
5899.70 -0.0848496624 0.0342963052
5899.90 -0.0173270300 0.0342866229
5900.10 -0.0419210888 0.0342279592
5900.30 0.0246384007 0.0342247574
5900.50 -0.0086615487 0.0342794406
5900.70 -0.0208835194 0.0343491984
5900.90 -0.0396759312 0.0343085392
5901.10 -0.0745411470 0.0343254452
5901.30 0.0082898741 0.0343754114
5901.50 0.0075580987 0.0343544961
5901.70 0.0135860218 0.0343641295
5901.90 0.0339770685 0.0342761523
5902.10 -0.0182734905 0.0342157976
5902.30 -0.0076853983 0.0342179472
5902.50 -0.0165069638 0.0342186272
5902.70 -0.0808964649 0.0342220319
5902.90 -0.0335209190 0.0342278552
5903.10 -0.0629726353 0.0342304605
5903.30 0.0013076495 0.0341825896
5903.50 0.0891156799 0.0341340459
5903.70 -0.0086425594 0.0340941218
5903.90 0.0646720872 0.0341099037
5904.10 -0.0307143477 0.0340605567
5904.30 -0.0207318315 0.0340680631
5904.50 -0.0170209311 0.0340887064
5904.70 0.0185346788 0.0340853891
5904.90 -0.0335235156 0.0340858799
5905.10 0.0121109947 0.0340945843
5905.30 0.1004501269 0.0341088057
5905.50 0.0796027096 0.0340859772
5905.70 -0.0059572527 0.0340473042
5905.90 0.0561230198 0.0340480791
5906.10 -0.0110881059 0.0340455094
5906.30 -0.0123201119 0.0340529479
5906.50 0.0906491880 0.0340955459
5906.70 0.0260405965 0.0340804276
5906.90 0.0090630375 0.0340999164
5907.10 0.0527179939 0.0341131836
5907.30 0.0669799358 0.0341107182
5907.50 0.0434851917 0.0341113308
5907.70 0.0153804668 0.0340979460
5907.90 -0.0222222878 0.0341032343
5908.10 0.0596661427 0.0341543114
5908.30 0.0810933131 0.0341583350
5908.50 0.0453308062 0.0341500984
5908.70 -0.0312596499 0.0341443911
5908.90 -0.0017566016 0.0341418012
5909.10 0.0056023686 0.0341443782
5909.30 -0.0598286165 0.0341278076
5909.50 0.0522876809 0.0341482929
5909.70 -0.0765645811 0.0341407746
5909.90 -0.0173110168 0.0341757200
5910.10 -0.0363770881 0.0341592755
5910.30 -0.0107134042 0.0341522672
5910.50 0.0055122761 0.0341512504
5910.70 0.0390192327 0.0341505517
5910.90 0.0474429010 0.0341216932
5911.10 -0.0301785351 0.0340953226
5911.30 -0.0082017618 0.0341023905
5911.50 -0.0262944025 0.0340894488
5911.70 0.0584326262 0.0341478000
5911.90 0.0222629123 0.0341251334
5912.10 -0.0802174757 0.0341553211
5912.30 -0.0049099607 0.0341333897
5912.50 -0.0720476128 0.0341197923
5912.70 0.0079116454 0.0341001047
5912.90 -0.0091363849 0.0340764770
5913.10 -0.0477406405 0.0340822752
5913.30 -0.0380944451 0.0340917125
5913.50 0.0781071097 0.0341353901
5913.70 0.0152121825 0.0341143695
5913.90 -0.0713531652 0.0341203737
5914.10 0.0409505184 0.0341464416
5914.30 0.0285280589 0.0341486914
5914.50 -0.0245354777 0.0341496032
5914.70 0.0259530909 0.0341777514
5914.90 -0.0253729158 0.0341397049
5915.10 -0.0930990477 0.0341148134
5915.30 -0.0067392250 0.0341354641
5915.50 -0.0605152916 0.0341081285
5915.70 0.0001118566 0.0341459756
5915.90 -0.0264531060 0.0341138608
