-1.362000200333030042e-01 1.748835650301150402e-03 7.674158200339612238e-04
-1.314487889666202114e-01 2.103232348451555822e-04 6.622163314324486282e-04
-1.264396791416765031e-01 -1.139187861195489759e-04 6.731790875398788697e-04
-1.217275267210542605e-01 3.925929710062447953e-04 6.495407002338433400e-04
-1.167340468454275554e-01 -4.868024365287659805e-04 5.987906034517822282e-04
-1.120453292880659313e-01 5.668211593576888419e-04 6.221945274821851684e-04
-1.070205895138052338e-01 -7.128929786691662329e-04 6.189156293736069884e-04
-1.021755919559086678e-01 -1.309375848952409882e-04 7.686643756466520882e-04
-9.719773542725484994e-02 3.384288378937005959e-04 6.316268524397488206e-04
-9.240743263125290874e-02 1.405086614811978940e-03 5.966436555065227597e-04
-8.762494826828021166e-02 -1.679796566222968579e-05 6.030042794889063857e-04
-8.248299362045954930e-02 8.216700151275624364e-05 7.138896920680292899e-04
-7.780209418172981395e-02 -1.557784058804023708e-03 6.882144773376392853e-04
-7.283205640050256779e-02 -6.269322872436422500e-04 6.568910291607641316e-04
-6.797142197654754137e-02 -7.460424282329514156e-04 6.760267226456009469e-04
-6.302483226326918708e-02 7.339165297099992102e-04 6.857420142909728461e-04
-5.825015973098159050e-02 1.322641669646351659e-03 6.374058389762707940e-04
-5.328012163535700285e-02 -5.318854753189050655e-04 6.553975713035888008e-04
-4.835697370208075219e-02 1.377848057839692331e-03 6.215205853534505782e-04
-4.351978105812781550e-02 -5.081617071492905424e-04 6.147940071744660952e-04
-3.853411961553034754e-02 4.448462456754231908e-04 5.742772490016026391e-04
-3.376725859953053077e-02 -1.817769864117857459e-03 5.665934414183754859e-04
-2.892225412489249012e-02 2.731765041910083625e-04 5.657183180322111283e-04
-2.403817792093534619e-02 7.113238584874892467e-04 5.707250689356195908e-04
-1.912284842068832577e-02 -8.613466518525569882e-05 5.431958260999458343e-04
-1.419970048741207511e-02 8.536248919719380268e-04 5.521942742893128260e-04
-9.464099684443590468e-03 4.323684491516210926e-04 5.911057977162126114e-04
-4.392469747834555974e-03 4.932686295013866129e-04 6.157692867952411532e-04
3.509428858190358821e-04 2.112205163589120360e-04 5.876409839274600744e-04
5.313162548414395239e-03 -1.120440396349065004e-03 5.852723138393608202e-04
1.019723875237154090e-02 -4.937402627437359470e-04 5.546941338634225156e-04
1.497191128465913228e-02 -1.987884725524358132e-03 5.380963627778517647e-04
2.014512614551115105e-02 -1.086076770347443876e-03 5.199368473326487381e-04
2.476350547257552548e-02 -1.591846422397069638e-03 5.090827213924492512e-04
2.966321162584966906e-02 -2.046475506072287232e-03 5.395578311036478957e-04
3.457072929541158551e-02 -2.193646269134430504e-03 5.682286228476459040e-04
3.950950717800483930e-02 -2.042758085176066274e-03 5.701489799466122766e-04
4.433107018703810742e-02 -1.931982487531902493e-03 5.716860806676115486e-04
4.937143299387434375e-02 -6.376999743852307390e-04 6.494504378612949488e-04
5.413047589124227177e-02 -5.333531840137073488e-04 5.934501285693872651e-04
5.899892183148508495e-02 8.525565271999546724e-05 6.023524281387053784e-04
6.391425824847356274e-02 -1.725610713717795619e-03 6.446397395845683033e-04
6.877489267242858917e-02 2.782200300996962028e-04 6.267734860426838134e-04
7.369022217267562347e-02 -1.670429688024333004e-04 6.298492136414299931e-04
7.822264621041667698e-02 8.887037073213033267e-04 8.018197092683862666e-04
8.384128664543999410e-02 1.620494182411835737e-03 9.954383892724529958e-04
8.840496397947092411e-02 1.009166086585189248e-04 8.248223927074771174e-04
9.321089672478985455e-02 -6.407342970693452600e-05 8.206373693088091573e-04
9.822000654973354894e-02 2.467506232435301428e-04 7.491453979920244255e-04
