5870.10 -0.0150741730 0.0375921613
5870.30 -0.0149187548 0.0376074338
5870.50 0.0389063552 0.0376208581
5870.70 0.0373937188 0.0376236491
5870.90 0.0213425239 0.0376176854
5871.10 0.0010679731 0.0376162754
5871.30 -0.0541911536 0.0376093023
5871.50 -0.0219539936 0.0376244386
5871.70 -0.0588175955 0.0376053062
5871.90 -0.0733934815 0.0376074154
5872.10 -0.0010590919 0.0376156330
5872.30 0.0282231259 0.0376280643
5872.50 -0.0551376887 0.0376220350
5872.70 0.0462889584 0.0376252006
5872.90 -0.0079526799 0.0376228004
5873.10 -0.0134690494 0.0376126182
5873.30 -0.0665600781 0.0375929874
5873.50 0.0155174487 0.0376088943
5873.70 0.0340831291 0.0376190508
5873.90 -0.0479641312 0.0376088096
5874.10 0.0527902583 0.0376377143
5874.30 -0.0171207712 0.0376291973
5874.50 -0.0613871099 0.0376454158
5874.70 -0.0905625102 0.0376663033
5874.90 -0.0029773894 0.0376846265
5875.10 -0.0533764806 0.0377143166
5875.30 0.0508491921 0.0377444385
5875.50 0.0979358248 0.0377860515
5875.70 0.0004853362 0.0377496892
5875.90 -0.0581309815 0.0377304070
5876.10 -0.0317860093 0.0377421769
5876.30 0.0837401651 0.0377686418
5876.50 0.0364492843 0.0377783714
5876.70 -0.0714452779 0.0377440520
5876.90 -0.0363141939 0.0377534277
5877.10 -0.0136514375 0.0377357421
5877.30 0.0153975947 0.0377393542
5877.50 -0.0041713892 0.0377172135
5877.70 -0.0005914273 0.0376903725
5877.90 -0.0041290310 0.0376811098
5878.10 0.0129308790 0.0376631844
5878.30 -0.0347526501 0.0376295071
5878.50 -0.0118612912 0.0376097330
5878.70 -0.0313483054 0.0376479409
5878.90 0.0272119611 0.0376612161
5879.10 0.0228288532 0.0376569541
5879.30 -0.0458859584 0.0376278097
5879.50 -0.0335351336 0.0376150781
5879.70 -0.0066151118 0.0376508106
5879.90 -0.0019330414 0.0376920654
5880.10 0.0487424876 0.0377314294
5880.30 0.0073064035 0.0377261157
5880.50 0.0556754196 0.0377415984
5880.70 0.0462718409 0.0377332724
5880.90 -0.0162758139 0.0377862450
5881.10 0.1228766251 0.0378462790
5881.30 0.0643595870 0.0378263482
5881.50 0.0818322557 0.0378337143
5881.70 0.0286618682 0.0377672191
5881.90 0.0725134338 0.0378088443
5882.10 0.0354793662 0.0378181769
5882.30 -0.0181150533 0.0378126429
5882.50 -0.0050927989 0.0378224616
5882.70 0.0126771130 0.0378098180
5882.90 0.0686791421 0.0378786843
5883.10 -0.0440247740 0.0378459858
5883.30 0.0296761927 0.0378807557
5883.50 -0.0216700172 0.0378460485
5883.70 -0.0770231256 0.0378213684
5883.90 -0.0803389906 0.0378096177
5884.10 0.0090471679 0.0378224988
5884.30 -0.0227895594 0.0377942546
5884.50 0.0389799464 0.0378204895
5884.70 0.0074641260 0.0378373403
5884.90 -0.0524246243 0.0378121856
5885.10 -0.0166188259 0.0379142040
5885.30 -0.0069552436 0.0378867571
5885.50 -0.0052192209 0.0379653565
5885.70 0.0011452353 0.0379238524
5885.90 0.0317181259 0.0379026557
5886.10 0.0404818003 0.0378494725
5886.30 0.0428538138 0.0379756045
5886.50 -0.0298867569 0.0379526653
5886.70 0.0556075989 0.0381054625
5886.90 -0.0381447736 0.0381441289
5887.10 -0.0630125171 0.0381314351
5887.30 0.0842132370 0.0382944096
5887.50 -0.0582182640 0.0382445674
5887.70 0.0352029041 0.0384302876
5887.90 0.0298868438 0.0384308282
5888.10 0.0462343863 0.0383941065
5888.30 0.0812186797 0.0385038515
5888.50 -0.0325364224 0.0388164312
5888.70 0.1004436381 0.0390597940
5888.90 0.0624926838 0.0390896935
5889.10 0.0001752699 0.0391323683
5889.30 0.0612493106 0.0390928779
5889.50 0.0718858099 0.0391531973
5889.70 -0.1605138747 0.0391754072
5889.90 -0.1218616887 0.0390762376
5890.10 -0.1121748341 0.0391303655
5890.30 -0.0999288372 0.0392041058
5890.50 -0.0836452196 0.0391452278
5890.70 -0.0001029687 0.0393366910
5890.90 -0.0706440792 0.0391544271
5891.10 -0.0125682505 0.0391804085
5891.30 -0.0606322425 0.0390407016
5891.50 -0.0252521246 0.0387539466
5891.70 0.1096130060 0.0386199778
5891.90 -0.0056409170 0.0384564421
5892.10 -0.0279481587 0.0383689157
5892.30 0.0186797678 0.0382726788
5892.50 -0.0279112238 0.0382560933
5892.70 0.0497208423 0.0383020285
5892.90 -0.0663464401 0.0381987216
5893.10 -0.0264699459 0.0382413412
5893.30 0.0246770223 0.0382181214
5893.50 -0.0012707444 0.0382358232
5893.70 0.0020853172 0.0381691727
5893.90 -0.0309494688 0.0381609918
5894.10 0.0013545911 0.0382611970
5894.30 -0.0016873484 0.0383410584
5894.50 -0.0044256625 0.0384744014
5894.70 0.0822728338 0.0385360181
5894.90 0.0536384273 0.0385400084
5895.10 -0.0045638776 0.0385220770
5895.30 0.0376704338 0.0385552057
5895.50 -0.0908210148 0.0386430426
5895.70 -0.1003572860 0.0386767188
5895.90 -0.1469703579 0.0386927697
5896.10 -0.1381766439 0.0387204345
5896.30 -0.0272569092 0.0387032992
5896.50 -0.0078120865 0.0387183535
5896.70 -0.0721306341 0.0386922352
5896.90 0.0008769510 0.0386540786
5897.10 -0.0595465553 0.0386704356
5897.30 -0.1006397686 0.0385876056
5897.50 0.0013069116 0.0384379549
5897.70 -0.0035476805 0.0383450470
5897.90 0.0465508872 0.0383093943
5898.10 0.0140070604 0.0383620268
5898.30 -0.0810753994 0.0382827158
5898.50 -0.0122084197 0.0382291095
5898.70 0.0109532564 0.0381143693
5898.90 -0.0205581781 0.0380964144
5899.10 0.0418609851 0.0382267439
5899.30 -0.0113568365 0.0381659502
5899.50 0.0030306780 0.0381388518
5899.70 -0.0815310771 0.0380438482
5899.90 0.0323251815 0.0380846032
5900.10 -0.0344577591 0.0380884864
5900.30 -0.0167236280 0.0379973114
5900.50 0.0153821300 0.0381574876
5900.70 -0.0070774790 0.0381705965
5900.90 -0.0388666851 0.0381093814
5901.10 0.0379994658 0.0381404776
5901.30 -0.0756569742 0.0380454264
5901.50 0.0130798527 0.0382276286
5901.70 -0.0466510992 0.0381864290
5901.90 0.0272880817 0.0381478399
5902.10 -0.0338690750 0.0379963208
5902.30 0.0341607486 0.0379582263
5902.50 -0.0043382419 0.0379984976
5902.70 0.0377768003 0.0380120453
5902.90 0.0628636446 0.0380625427
5903.10 0.0384409750 0.0380433949
5903.30 0.0379893972 0.0379870979
5903.50 0.0303858022 0.0378666030
5903.70 0.0053770950 0.0377915457
5903.90 -0.0095878015 0.0378040828
5904.10 0.0681386637 0.0377855947
5904.30 0.0903397920 0.0377919608
5904.50 -0.0052598112 0.0377676215
5904.70 0.0535378008 0.0377727342
5904.90 0.0657659452 0.0377657036
5905.10 0.0642537961 0.0377568190
5905.30 0.0245968987 0.0377854227
5905.50 0.0317126426 0.0377616741
5905.70 0.0216115521 0.0377194351
5905.90 0.0174804664 0.0376920868
5906.10 0.0141500099 0.0376818720
5906.30 0.0114350467 0.0377206205
5906.50 0.0872306386 0.0377552577
5906.70 0.0651236053 0.0377479489
5906.90 0.0423570130 0.0377848767
5907.10 0.0131762523 0.0377541139
5907.30 -0.0079162525 0.0377721386
5907.50 0.0429125914 0.0377486978
5907.70 0.0237302972 0.0377235581
5907.90 -0.0023619357 0.0377577210
5908.10 -0.1009106834 0.0377878920
5908.30 -0.0710848751 0.0377913503
5908.50 -0.0351630097 0.0378113643
5908.70 -0.0584537634 0.0377913681
5908.90 -0.0445794778 0.0378006759
5909.10 0.0388638160 0.0378462112
5909.30 -0.0965614985 0.0378458664
5909.50 -0.0260864929 0.0378438757
5909.70 -0.0111998782 0.0378802212
5909.90 0.0264528958 0.0378876788
5910.10 -0.0176625718 0.0378490358
5910.30 0.0102409475 0.0378266684
5910.50 0.0247045721 0.0378096466
5910.70 -0.0749267515 0.0378133386
5910.90 -0.0459876464 0.0378190017
5911.10 0.1254132780 0.0378141376
5911.30 -0.0076327562 0.0377401250
5911.50 0.0007268317 0.0377696881
5911.70 0.0766007106 0.0378066943
5911.90 0.1063799837 0.0378394357
5912.10 -0.0766102436 0.0378767420
5912.30 -0.0602328122 0.0377869609
5912.50 -0.0141167209 0.0377931466
5912.70 -0.0932113674 0.0377146899
5912.90 0.0098020904 0.0376803614
5913.10 0.0552586521 0.0377131425
5913.30 0.0893569154 0.0377740708
5913.50 0.0344049904 0.0377549531
5913.70 -0.0537507899 0.0377367177
5913.90 -0.1133861161 0.0377434647
5914.10 -0.1737983676 0.0377265856
5914.30 -0.0427721557 0.0377779669
5914.50 -0.0284497510 0.0378243621
5914.70 0.0445754944 0.0378406644
5914.90 -0.0378309130 0.0377903398
5915.10 0.0911462157 0.0377700547
5915.30 -0.0546822723 0.0376881733
5915.50 0.0506285787 0.0377406258
5915.70 -0.0411652617 0.0377502687
5915.90 -0.0569160174 0.0377367623
