# Wavelength_cm Relative_Flux_R
 5.88800000e-05  1.00000000e+00
 5.88850000e-05  9.99999998e-01
 5.88900000e-05  9.99999996e-01
 5.88950000e-05  9.99999991e-01
 5.89000000e-05  9.99999982e-01
 5.89050000e-05  9.99999955e-01
 5.89100000e-05  9.99999820e-01
 5.89120825e-05  9.99999602e-01
 5.89122825e-05  9.99999554e-01
 5.89124825e-05  9.99999498e-01
 5.89126825e-05  9.99999430e-01
 5.89128825e-05  9.99999347e-01
 5.89130825e-05  9.99999245e-01
 5.89132825e-05  9.99999116e-01
 5.89134825e-05  9.99998952e-01
 5.89136825e-05  9.99998735e-01
 5.89138825e-05  9.99998443e-01
 5.89140825e-05  9.99998032e-01
 5.89142825e-05  9.99997418e-01
 5.89144825e-05  9.99996198e-01
 5.89146825e-05  9.99987717e-01
 5.89148825e-05  9.99878164e-01
 5.89150825e-05  9.98911567e-01
 5.89152825e-05  9.94034779e-01
 5.89154825e-05  9.80967929e-01
 5.89156825e-05  9.64489106e-01
 5.89158825e-05  9.59893975e-01
 5.89160825e-05  9.72253864e-01
 5.89162825e-05  9.88590294e-01
 5.89164825e-05  9.97277154e-01
 5.89166825e-05  9.99615891e-01
 5.89168825e-05  9.99963209e-01
 5.89170825e-05  9.99994294e-01
 5.89172825e-05  9.99996960e-01
 5.89174825e-05  9.99997758e-01
 5.89176825e-05  9.99998255e-01
 5.89178825e-05  9.99998600e-01
 5.89180825e-05  9.99998851e-01
 5.89182825e-05  9.99999039e-01
 5.89184825e-05  9.99999184e-01
 5.89186825e-05  9.99999298e-01
 5.89188825e-05  9.99999390e-01
 5.89190825e-05  9.99999465e-01
 5.89192825e-05  9.99999527e-01
 5.89194825e-05  9.99999579e-01
 5.89195825e-05  9.99999601e-01
 5.89245825e-05  9.99999931e-01
 5.89295825e-05  9.99999974e-01
 5.89345825e-05  9.99999987e-01
 5.89395825e-05  9.99999993e-01
 5.89445825e-05  9.99999995e-01
 5.89495825e-05  9.99999996e-01
 5.89545825e-05  9.99999995e-01
 5.89595825e-05  9.99999991e-01
 5.89645825e-05  9.99999979e-01
 5.89695825e-05  9.99999925e-01
 5.89718315e-05  9.99999802e-01
 5.89720315e-05  9.99999778e-01
 5.89722315e-05  9.99999750e-01
 5.89724315e-05  9.99999716e-01
 5.89726315e-05  9.99999675e-01
 5.89728315e-05  9.99999624e-01
 5.89730315e-05  9.99999559e-01
 5.89732315e-05  9.99999477e-01
 5.89734315e-05  9.99999369e-01
 5.89736315e-05  9.99999223e-01
 5.89738315e-05  9.99999017e-01
 5.89740315e-05  9.99998711e-01
 5.89742315e-05  9.99998098e-01
 5.89744315e-05  9.99993799e-01
 5.89746315e-05  9.99938418e-01
 5.89748315e-05  9.99451359e-01
 5.89750315e-05  9.96987003e-01
 5.89752315e-05  9.90269802e-01
 5.89754315e-05  9.81538062e-01
 5.89756315e-05  9.79050338e-01
 5.89758315e-05  9.85689264e-01
 5.89760315e-05  9.94209695e-01
 5.89762315e-05  9.98627498e-01
 5.89764315e-05  9.99806156e-01
 5.89766315e-05  9.99981390e-01
 5.89768315e-05  9.99997134e-01
 5.89770315e-05  9.99998481e-01
 5.89772315e-05  9.99998881e-01
 5.89774315e-05  9.99999129e-01
 5.89776315e-05  9.99999302e-01
 5.89778315e-05  9.99999427e-01
 5.89780315e-05  9.99999521e-01
 5.89782315e-05  9.99999594e-01
 5.89784315e-05  9.99999651e-01
 5.89786315e-05  9.99999697e-01
 5.89788315e-05  9.99999734e-01
 5.89790315e-05  9.99999765e-01
 5.89792315e-05  9.99999791e-01
 5.89793315e-05  9.99999802e-01
 5.89843315e-05  9.99999967e-01
 5.89893315e-05  9.99999989e-01
 5.89943315e-05  9.99999996e-01
 5.89993315e-05  9.99999999e-01
