# Wavelength_cm Relative_Flux_R
 5.88800000e-05  1.00000000e+00
 5.88850000e-05  9.99999998e-01
 5.88900000e-05  9.99999995e-01
 5.88950000e-05  9.99999990e-01
 5.89000000e-05  9.99999978e-01
 5.89050000e-05  9.99999947e-01
 5.89100000e-05  9.99999789e-01
 5.89120825e-05  9.99999534e-01
 5.89122825e-05  9.99999478e-01
 5.89124825e-05  9.99999412e-01
 5.89126825e-05  9.99999332e-01
 5.89128825e-05  9.99999235e-01
 5.89130825e-05  9.99999116e-01
 5.89132825e-05  9.99998965e-01
 5.89134825e-05  9.99998772e-01
 5.89136825e-05  9.99998518e-01
 5.89138825e-05  9.99998174e-01
 5.89140825e-05  9.99997690e-01
 5.89142825e-05  9.99996961e-01
 5.89144825e-05  9.99995372e-01
 5.89146825e-05  9.99982764e-01
 5.89148825e-05  9.99828917e-01
 5.89150825e-05  9.98576841e-01
 5.89152825e-05  9.92703672e-01
 5.89154825e-05  9.78006405e-01
 5.89156825e-05  9.60524704e-01
 5.89158825e-05  9.55794300e-01
 5.89160825e-05  9.68650574e-01
 5.89162825e-05  9.86454963e-01
 5.89164825e-05  9.96560598e-01
 5.89166825e-05  9.99479173e-01
 5.89168825e-05  9.99947224e-01
 5.89170825e-05  9.99992579e-01
 5.89172825e-05  9.99996396e-01
 5.89174825e-05  9.99997367e-01
 5.89176825e-05  9.99997954e-01
 5.89178825e-05  9.99998359e-01
 5.89180825e-05  9.99998654e-01
 5.89182825e-05  9.99998874e-01
 5.89184825e-05  9.99999044e-01
 5.89186825e-05  9.99999178e-01
 5.89188825e-05  9.99999286e-01
 5.89190825e-05  9.99999374e-01
 5.89192825e-05  9.99999446e-01
 5.89194825e-05  9.99999507e-01
 5.89195825e-05  9.99999533e-01
 5.89245825e-05  9.99999919e-01
 5.89295825e-05  9.99999969e-01
 5.89345825e-05  9.99999985e-01
 5.89395825e-05  9.99999991e-01
 5.89445825e-05  9.99999994e-01
 5.89495825e-05  9.99999995e-01
 5.89545825e-05  9.99999994e-01
 5.89595825e-05  9.99999989e-01
 5.89645825e-05  9.99999976e-01
 5.89695825e-05  9.99999912e-01
 5.89718315e-05  9.99999768e-01
 5.89720315e-05  9.99999740e-01
 5.89722315e-05  9.99999707e-01
 5.89724315e-05  9.99999668e-01
 5.89726315e-05  9.99999619e-01
 5.89728315e-05  9.99999559e-01
 5.89730315e-05  9.99999484e-01
 5.89732315e-05  9.99999387e-01
 5.89734315e-05  9.99999261e-01
 5.89736315e-05  9.99999089e-01
 5.89738315e-05  9.99998847e-01
 5.89740315e-05  9.99998483e-01
 5.89742315e-05  9.99997682e-01
 5.89744315e-05  9.99991292e-01
 5.89746315e-05  9.99913540e-01
 5.89748315e-05  9.99282190e-01
 5.89750315e-05  9.96300248e-01
 5.89752315e-05  9.88634244e-01
 5.89754315e-05  9.79120100e-01
 5.89756315e-05  9.76472442e-01
 5.89758315e-05  9.83595868e-01
 5.89760315e-05  9.93077810e-01
 5.89762315e-05  9.98263152e-01
 5.89764315e-05  9.99737150e-01
 5.89766315e-05  9.99973302e-01
 5.89768315e-05  9.99996268e-01
 5.89770315e-05  9.99998199e-01
 5.89772315e-05  9.99998686e-01
 5.89774315e-05  9.99998979e-01
 5.89776315e-05  9.99999182e-01
 5.89778315e-05  9.99999329e-01
 5.89780315e-05  9.99999439e-01
 5.89782315e-05  9.99999524e-01
 5.89784315e-05  9.99999591e-01
 5.89786315e-05  9.99999645e-01
 5.89788315e-05  9.99999689e-01
 5.89790315e-05  9.99999725e-01
 5.89792315e-05  9.99999755e-01
 5.89793315e-05  9.99999768e-01
 5.89843315e-05  9.99999961e-01
 5.89893315e-05  9.99999987e-01
 5.89943315e-05  9.99999995e-01
 5.89993315e-05  9.99999999e-01
