# Wavelength_cm Relative_Flux_R
 5.88800000e-05  1.00000000e+00
 5.88850000e-05  9.99999998e-01
 5.88900000e-05  9.99999995e-01
 5.88950000e-05  9.99999989e-01
 5.89000000e-05  9.99999976e-01
 5.89050000e-05  9.99999942e-01
 5.89100000e-05  9.99999766e-01
 5.89120825e-05  9.99999483e-01
 5.89122825e-05  9.99999422e-01
 5.89124825e-05  9.99999348e-01
 5.89126825e-05  9.99999260e-01
 5.89128825e-05  9.99999153e-01
 5.89130825e-05  9.99999020e-01
 5.89132825e-05  9.99998853e-01
 5.89134825e-05  9.99998639e-01
 5.89136825e-05  9.99998357e-01
 5.89138825e-05  9.99997976e-01
 5.89140825e-05  9.99997440e-01
 5.89142825e-05  9.99996632e-01
 5.89144825e-05  9.99994870e-01
 5.89146825e-05  9.99980897e-01
 5.89148825e-05  9.99810380e-01
 5.89150825e-05  9.98422491e-01
 5.89152825e-05  9.91908766e-01
 5.89154825e-05  9.75582252e-01
 5.89156825e-05  9.56110846e-01
 5.89158825e-05  9.50831984e-01
 5.89160825e-05  9.65168778e-01
 5.89162825e-05  9.84972053e-01
 5.89164825e-05  9.96187001e-01
 5.89166825e-05  9.99422725e-01
 5.89168825e-05  9.99941506e-01
 5.89170825e-05  9.99991775e-01
 5.89172825e-05  9.99996005e-01
 5.89174825e-05  9.99997082e-01
 5.89176825e-05  9.99997732e-01
 5.89178825e-05  9.99998182e-01
 5.89180825e-05  9.99998508e-01
 5.89182825e-05  9.99998752e-01
 5.89184825e-05  9.99998941e-01
 5.89186825e-05  9.99999089e-01
 5.89188825e-05  9.99999209e-01
 5.89190825e-05  9.99999306e-01
 5.89192825e-05  9.99999386e-01
 5.89194825e-05  9.99999453e-01
 5.89195825e-05  9.99999483e-01
 5.89245825e-05  9.99999910e-01
 5.89295825e-05  9.99999966e-01
 5.89345825e-05  9.99999983e-01
 5.89395825e-05  9.99999990e-01
 5.89445825e-05  9.99999994e-01
 5.89495825e-05  9.99999994e-01
 5.89545825e-05  9.99999993e-01
 5.89595825e-05  9.99999988e-01
 5.89645825e-05  9.99999973e-01
 5.89695825e-05  9.99999903e-01
 5.89718315e-05  9.99999743e-01
 5.89720315e-05  9.99999712e-01
 5.89722315e-05  9.99999676e-01
 5.89724315e-05  9.99999632e-01
 5.89726315e-05  9.99999578e-01
 5.89728315e-05  9.99999511e-01
 5.89730315e-05  9.99999428e-01
 5.89732315e-05  9.99999321e-01
 5.89734315e-05  9.99999180e-01
 5.89736315e-05  9.99998990e-01
 5.89738315e-05  9.99998722e-01
 5.89740315e-05  9.99998318e-01
 5.89742315e-05  9.99997431e-01
 5.89744315e-05  9.99990348e-01
 5.89746315e-05  9.99904173e-01
 5.89748315e-05  9.99204381e-01
 5.89750315e-05  9.95898290e-01
 5.89752315e-05  9.87392055e-01
 5.89754315e-05  9.76820763e-01
 5.89756315e-05  9.73875998e-01
 5.89758315e-05  9.81795870e-01
 5.89760315e-05  9.92323883e-01
 5.89762315e-05  9.98074736e-01
 5.89764315e-05  9.99708667e-01
 5.89766315e-05  9.99970410e-01
 5.89768315e-05  9.99995864e-01
 5.89770315e-05  9.99998004e-01
 5.89772315e-05  9.99998544e-01
 5.89774315e-05  9.99998868e-01
 5.89776315e-05  9.99999093e-01
 5.89778315e-05  9.99999256e-01
 5.89780315e-05  9.99999378e-01
 5.89782315e-05  9.99999473e-01
 5.89784315e-05  9.99999547e-01
 5.89786315e-05  9.99999606e-01
 5.89788315e-05  9.99999655e-01
 5.89790315e-05  9.99999695e-01
 5.89792315e-05  9.99999729e-01
 5.89793315e-05  9.99999743e-01
 5.89843315e-05  9.99999957e-01
 5.89893315e-05  9.99999986e-01
 5.89943315e-05  9.99999995e-01
 5.89993315e-05  9.99999999e-01
