# Orbital_Phase_(fraction) Filtered_Relative_Flux_R
-6.79811623e-02  1.00000000e+00
-6.73013507e-02  1.00000000e+00
-6.66215391e-02  1.00000000e+00
-6.59417275e-02  1.00000000e+00
-6.52619158e-02  1.00000000e+00
-6.45821042e-02  1.00000000e+00
-6.39022926e-02  1.00000000e+00
-6.32224810e-02  1.00000000e+00
-6.25426694e-02  1.00000000e+00
-6.18628577e-02  1.00000000e+00
-6.11830461e-02  1.00000000e+00
-6.05032345e-02  1.00000000e+00
-5.98234229e-02  1.00000000e+00
-5.91436112e-02  1.00000000e+00
-5.84637996e-02  1.00000000e+00
-5.77839880e-02  1.00000000e+00
-5.71041764e-02  1.00000000e+00
-5.64243647e-02  1.00000000e+00
-5.57445531e-02  1.00000000e+00
-5.50647415e-02  1.00000000e+00
-5.43849299e-02  1.00000000e+00
-5.37051182e-02  1.00000000e+00
-5.30253066e-02  1.00000000e+00
-5.23454950e-02  1.00000000e+00
-5.16656834e-02  1.00000000e+00
-5.09858718e-02  1.00000000e+00
-5.03060601e-02  9.99999999e-01
-4.96262485e-02  9.99999999e-01
-4.89464369e-02  9.99999999e-01
-4.82666253e-02  9.99999999e-01
-4.75868136e-02  9.99999999e-01
-4.69070020e-02  9.99999999e-01
-4.62271904e-02  9.99999999e-01
-4.55473788e-02  9.99999999e-01
-4.48675671e-02  9.99999998e-01
-4.41877555e-02  9.99999998e-01
-4.35079439e-02  9.99999998e-01
-4.28281323e-02  9.99999997e-01
-4.21483206e-02  9.99999997e-01
-4.14685090e-02  9.99999997e-01
-4.07886974e-02  9.99999996e-01
-4.01088858e-02  9.99999996e-01
-3.94290742e-02  9.99999995e-01
-3.87492625e-02  9.99999994e-01
-3.80694509e-02  9.99999993e-01
-3.73896393e-02  9.99999991e-01
-3.67098277e-02  9.99999989e-01
-3.60300160e-02  9.99999987e-01
-3.53502044e-02  9.99999984e-01
-3.46703928e-02  9.99999981e-01
-3.39905812e-02  9.99999972e-01
-3.33107695e-02  9.99999964e-01
-3.26309579e-02  9.99999760e-01
-3.19511463e-02  9.99999314e-01
-3.12713347e-02  9.99988942e-01
-3.05915231e-02  9.99976470e-01
-2.99117114e-02  9.99879987e-01
-2.92318998e-02  9.99817658e-01
-2.85520882e-02  9.99738659e-01
-2.78722766e-02  9.99544919e-01
-2.71924649e-02  9.99444458e-01
-2.65126533e-02  9.99323690e-01
-2.58328417e-02  9.99194979e-01
-2.51530301e-02  9.99029186e-01
-2.44732184e-02  9.98845298e-01
-2.37934068e-02  9.98561437e-01
-2.31135952e-02  9.98193950e-01
-2.24337836e-02  9.97824599e-01
-2.17539719e-02  9.97377439e-01
-2.10741603e-02  9.95125124e-01
-2.03943487e-02  9.93646673e-01
-1.97145371e-02  9.91168079e-01
-1.90347255e-02  9.89639041e-01
-1.83549138e-02  9.88116963e-01
-1.76751022e-02  9.85568043e-01
-1.69952906e-02  9.86314610e-01
-1.63154790e-02  9.85094656e-01
-1.56356673e-02  9.84972240e-01
-1.49558557e-02  9.86188984e-01
-1.42760441e-02  9.81796912e-01
-1.35962325e-02  9.80987449e-01
-1.29164208e-02  9.81479875e-01
-1.22366092e-02  9.80981486e-01
-1.15567976e-02  9.80476936e-01
-1.08769860e-02  9.81347421e-01
-1.01971744e-02  9.81074382e-01
-9.51736273e-03  9.82044901e-01
-8.83755110e-03  9.82266329e-01
-8.15773948e-03  9.80239276e-01
-7.47792786e-03  9.80057504e-01
-6.79811623e-03  9.80953126e-01
-6.11830461e-03  9.81137312e-01
-5.43849299e-03  9.80665440e-01
-4.75868136e-03  9.80790250e-01
-4.07886974e-03  9.80802152e-01
-3.39905812e-03  9.81146066e-01
-2.71924649e-03  9.80884209e-01
-2.03943487e-03  9.80283796e-01
-1.35962325e-03  9.80711683e-01
-6.79811623e-04  9.80421051e-01
 0.00000000e+00  9.78277774e-01
 6.79811623e-04  9.80421048e-01
 1.35962325e-03  9.80711677e-01
 2.03943487e-03  9.80283787e-01
 2.71924649e-03  9.80884197e-01
 3.39905812e-03  9.81053253e-01
 4.07886974e-03  9.80709479e-01
 4.75868136e-03  9.80698221e-01
 5.43849299e-03  9.80665414e-01
 6.11830461e-03  9.81137283e-01
 6.79811623e-03  9.80953093e-01
 7.47792786e-03  9.80057469e-01
 8.15773948e-03  9.80143388e-01
 8.83755110e-03  9.82167074e-01
 9.51736273e-03  9.81945778e-01
 1.01971744e-02  9.81074329e-01
 1.08769860e-02  9.81347361e-01
 1.15567976e-02  9.80476884e-01
 1.22366092e-02  9.80881371e-01
 1.29164208e-02  9.81378641e-01
 1.35962325e-02  9.80888529e-01
 1.42760441e-02  9.81796837e-01
 1.49558557e-02  9.86188853e-01
 1.56356673e-02  9.84972145e-01
 1.63154790e-02  9.84995720e-01
 1.69952906e-02  9.86214342e-01
 1.76751022e-02  9.85567944e-01
 1.83549138e-02  9.88116851e-01
 1.90347255e-02  9.89544817e-01
 1.97145371e-02  9.91080603e-01
 2.03943487e-02  9.93646578e-01
 2.10741603e-02  9.95125022e-01
 2.17539719e-02  9.97295394e-01
 2.24337836e-02  9.97756566e-01
 2.31135952e-02  9.98193827e-01
 2.37934068e-02  9.98515111e-01
 2.44732184e-02  9.98808232e-01
 2.51530301e-02  9.99027877e-01
 2.58328417e-02  9.99173830e-01
 2.65126533e-02  9.99309815e-01
 2.71924649e-02  9.99420075e-01
 2.78722766e-02  9.99578024e-01
 2.85520882e-02  9.99674527e-01
 2.92318998e-02  9.99758300e-01
 2.99117114e-02  9.99920671e-01
 3.05915231e-02  9.99955300e-01
 3.12713347e-02  9.99995177e-01
 3.19511463e-02  9.99998129e-01
 3.26309579e-02  9.99999905e-01
 3.33107695e-02  9.99999952e-01
 3.39905812e-02  9.99999976e-01
 3.46703928e-02  9.99999980e-01
 3.53502044e-02  9.99999985e-01
 3.60300160e-02  9.99999987e-01
 3.67098277e-02  9.99999990e-01
 3.73896393e-02  9.99999992e-01
 3.80694509e-02  9.99999993e-01
 3.87492625e-02  9.99999994e-01
 3.94290742e-02  9.99999995e-01
 4.01088858e-02  9.99999996e-01
 4.07886974e-02  9.99999996e-01
 4.14685090e-02  9.99999997e-01
 4.21483206e-02  9.99999997e-01
 4.28281323e-02  9.99999998e-01
 4.35079439e-02  9.99999998e-01
 4.41877555e-02  9.99999998e-01
 4.48675671e-02  9.99999998e-01
 4.55473788e-02  9.99999999e-01
 4.62271904e-02  9.99999999e-01
 4.69070020e-02  9.99999999e-01
 4.75868136e-02  9.99999999e-01
 4.82666253e-02  9.99999999e-01
 4.89464369e-02  9.99999999e-01
 4.96262485e-02  9.99999999e-01
 5.03060601e-02  9.99999999e-01
 5.09858718e-02  1.00000000e+00
 5.16656834e-02  1.00000000e+00
 5.23454950e-02  1.00000000e+00
 5.30253066e-02  1.00000000e+00
 5.37051182e-02  1.00000000e+00
 5.43849299e-02  1.00000000e+00
 5.50647415e-02  1.00000000e+00
 5.57445531e-02  1.00000000e+00
 5.64243647e-02  1.00000000e+00
 5.71041764e-02  1.00000000e+00
 5.77839880e-02  1.00000000e+00
 5.84637996e-02  1.00000000e+00
 5.91436112e-02  1.00000000e+00
 5.98234229e-02  1.00000000e+00
 6.05032345e-02  1.00000000e+00
 6.11830461e-02  1.00000000e+00
 6.18628577e-02  1.00000000e+00
 6.25426694e-02  1.00000000e+00
 6.32224810e-02  1.00000000e+00
 6.39022926e-02  1.00000000e+00
 6.45821042e-02  1.00000000e+00
 6.52619158e-02  1.00000000e+00
 6.59417275e-02  1.00000000e+00
 6.66215391e-02  1.00000000e+00
 6.73013507e-02  1.00000000e+00
 6.79811623e-02  1.00000000e+00
