# Orbital_Phase_(fraction) Filtered_Relative_Flux_R
-6.50000000e-02  1.00000000e+00
-6.43500000e-02  1.00000000e+00
-6.37000000e-02  1.00000000e+00
-6.30500000e-02  1.00000000e+00
-6.24000000e-02  1.00000000e+00
-6.17500000e-02  1.00000000e+00
-6.11000000e-02  1.00000000e+00
-6.04500000e-02  1.00000000e+00
-5.98000000e-02  1.00000000e+00
-5.91500000e-02  1.00000000e+00
-5.85000000e-02  1.00000000e+00
-5.78500000e-02  1.00000000e+00
-5.72000000e-02  1.00000000e+00
-5.65500000e-02  1.00000000e+00
-5.59000000e-02  1.00000000e+00
-5.52500000e-02  1.00000000e+00
-5.46000000e-02  1.00000000e+00
-5.39500000e-02  1.00000000e+00
-5.33000000e-02  1.00000000e+00
-5.26500000e-02  1.00000000e+00
-5.20000000e-02  1.00000000e+00
-5.13500000e-02  1.00000000e+00
-5.07000000e-02  1.00000000e+00
-5.00500000e-02  1.00000000e+00
-4.94000000e-02  1.00000000e+00
-4.87500000e-02  1.00000000e+00
-4.81000000e-02  1.00000000e+00
-4.74500000e-02  1.00000000e+00
-4.68000000e-02  1.00000000e+00
-4.61500000e-02  1.00000000e+00
-4.55000000e-02  1.00000000e+00
-4.48500000e-02  9.99999999e-01
-4.42000000e-02  9.99999999e-01
-4.35500000e-02  9.99999999e-01
-4.29000000e-02  9.99999999e-01
-4.22500000e-02  9.99999999e-01
-4.16000000e-02  9.99999999e-01
-4.09500000e-02  9.99999999e-01
-4.03000000e-02  9.99999999e-01
-3.96500000e-02  9.99999999e-01
-3.90000000e-02  9.99999999e-01
-3.83500000e-02  9.99999998e-01
-3.77000000e-02  9.99999998e-01
-3.70500000e-02  9.99999998e-01
-3.64000000e-02  9.99999998e-01
-3.57500000e-02  9.99999997e-01
-3.51000000e-02  9.99999997e-01
-3.44500000e-02  9.99999996e-01
-3.38000000e-02  9.99999995e-01
-3.31500000e-02  9.99999995e-01
-3.25000000e-02  9.99999994e-01
-3.18500000e-02  9.99999992e-01
-3.12000000e-02  9.99999991e-01
-3.05500000e-02  9.99999989e-01
-2.99000000e-02  9.99999947e-01
-2.92500000e-02  9.99999884e-01
-2.86000000e-02  9.99999744e-01
-2.79500000e-02  9.99996558e-01
-2.73000000e-02  9.99993733e-01
-2.66500000e-02  9.99989161e-01
-2.60000000e-02  9.99953624e-01
-2.53500000e-02  9.99935618e-01
-2.47000000e-02  9.99913559e-01
-2.40500000e-02  9.99849782e-01
-2.34000000e-02  9.99821860e-01
-2.27500000e-02  9.99790617e-01
-2.21000000e-02  9.99753492e-01
-2.14500000e-02  9.99715902e-01
-2.08000000e-02  9.99670523e-01
-2.01500000e-02  9.99614464e-01
-1.95000000e-02  9.99557594e-01
-1.88500000e-02  9.99468964e-01
-1.82000000e-02  9.99351453e-01
-1.75500000e-02  9.99188689e-01
-1.69000000e-02  9.98986488e-01
-1.62500000e-02  9.98648053e-01
-1.56000000e-02  9.98163697e-01
-1.49500000e-02  9.96740294e-01
-1.43000000e-02  9.94228147e-01
-1.36500000e-02  9.91490975e-01
-1.30000000e-02  9.88723297e-01
-1.23500000e-02  9.84744236e-01
-1.17000000e-02  9.78403398e-01
-1.10500000e-02  9.75585357e-01
-1.04000000e-02  9.75820588e-01
-9.75000000e-03  9.75135841e-01
-9.10000000e-03  9.75116741e-01
-8.45000000e-03  9.75023515e-01
-7.80000000e-03  9.76329295e-01
-7.15000000e-03  9.73853167e-01
-6.50000000e-03  9.72981569e-01
-5.85000000e-03  9.74258237e-01
-5.20000000e-03  9.73758232e-01
-4.55000000e-03  9.73842618e-01
-3.90000000e-03  9.72530934e-01
-3.25000000e-03  9.74112965e-01
-2.60000000e-03  9.73652454e-01
-1.95000000e-03  9.73225052e-01
-1.30000000e-03  9.73055050e-01
-6.50000000e-04  9.72646366e-01
 0.00000000e+00  9.70556415e-01
 6.50000000e-04  9.72646362e-01
 1.30000000e-03  9.73055042e-01
 1.95000000e-03  9.73146369e-01
 2.60000000e-03  9.73573533e-01
 3.25000000e-03  9.74112942e-01
 3.90000000e-03  9.72530907e-01
 4.55000000e-03  9.73842587e-01
 5.20000000e-03  9.73675587e-01
 5.85000000e-03  9.74175622e-01
 6.50000000e-03  9.72981525e-01
 7.15000000e-03  9.73853117e-01
 7.80000000e-03  9.76243748e-01
 8.45000000e-03  9.74941263e-01
 9.10000000e-03  9.75036671e-01
 9.75000000e-03  9.75135773e-01
 1.04000000e-02  9.75820517e-01
 1.10500000e-02  9.75506194e-01
 1.17000000e-02  9.78324272e-01
 1.23500000e-02  9.84744151e-01
 1.30000000e-02  9.88723212e-01
 1.36500000e-02  9.91413306e-01
 1.43000000e-02  9.94155760e-01
 1.49500000e-02  9.96740204e-01
 1.56000000e-02  9.98163617e-01
 1.62500000e-02  9.98605767e-01
 1.69000000e-02  9.98954789e-01
 1.75500000e-02  9.99188643e-01
 1.82000000e-02  9.99351414e-01
 1.88500000e-02  9.99451852e-01
 1.95000000e-02  9.99543363e-01
 2.01500000e-02  9.99614113e-01
 2.08000000e-02  9.99669983e-01
 2.14500000e-02  9.99708633e-01
 2.21000000e-02  9.99748391e-01
 2.27500000e-02  9.99782150e-01
 2.34000000e-02  9.99832827e-01
 2.40500000e-02  9.99863323e-01
 2.47000000e-02  9.99890368e-01
 2.53500000e-02  9.99914124e-01
 2.60000000e-02  9.99969120e-01
 2.66500000e-02  9.99979933e-01
 2.73000000e-02  9.99987536e-01
 2.79500000e-02  9.99998540e-01
 2.86000000e-02  9.99999292e-01
 2.92500000e-02  9.99999678e-01
 2.99000000e-02  9.99999977e-01
 3.05500000e-02  9.99999985e-01
 3.12000000e-02  9.99999989e-01
 3.18500000e-02  9.99999993e-01
 3.25000000e-02  9.99999994e-01
 3.31500000e-02  9.99999995e-01
 3.38000000e-02  9.99999996e-01
 3.44500000e-02  9.99999996e-01
 3.51000000e-02  9.99999997e-01
 3.57500000e-02  9.99999997e-01
 3.64000000e-02  9.99999998e-01
 3.70500000e-02  9.99999998e-01
 3.77000000e-02  9.99999998e-01
 3.83500000e-02  9.99999999e-01
 3.90000000e-02  9.99999999e-01
 3.96500000e-02  9.99999999e-01
 4.03000000e-02  9.99999999e-01
 4.09500000e-02  9.99999999e-01
 4.16000000e-02  9.99999999e-01
 4.22500000e-02  9.99999999e-01
 4.29000000e-02  9.99999999e-01
 4.35500000e-02  9.99999999e-01
 4.42000000e-02  9.99999999e-01
 4.48500000e-02  1.00000000e+00
 4.55000000e-02  1.00000000e+00
 4.61500000e-02  1.00000000e+00
 4.68000000e-02  1.00000000e+00
 4.74500000e-02  1.00000000e+00
 4.81000000e-02  1.00000000e+00
 4.87500000e-02  1.00000000e+00
 4.94000000e-02  1.00000000e+00
 5.00500000e-02  1.00000000e+00
 5.07000000e-02  1.00000000e+00
 5.13500000e-02  1.00000000e+00
 5.20000000e-02  1.00000000e+00
 5.26500000e-02  1.00000000e+00
 5.33000000e-02  1.00000000e+00
 5.39500000e-02  1.00000000e+00
 5.46000000e-02  1.00000000e+00
 5.52500000e-02  1.00000000e+00
 5.59000000e-02  1.00000000e+00
 5.65500000e-02  1.00000000e+00
 5.72000000e-02  1.00000000e+00
 5.78500000e-02  1.00000000e+00
 5.85000000e-02  1.00000000e+00
 5.91500000e-02  1.00000000e+00
 5.98000000e-02  1.00000000e+00
 6.04500000e-02  1.00000000e+00
 6.11000000e-02  1.00000000e+00
 6.17500000e-02  1.00000000e+00
 6.24000000e-02  1.00000000e+00
 6.30500000e-02  1.00000000e+00
 6.37000000e-02  1.00000000e+00
 6.43500000e-02  1.00000000e+00
 6.50000000e-02  1.00000000e+00
