# Orbital_Phase_(fraction) Filtered_Relative_Flux_R
-1.03450713e-02  9.94969831e-01
-9.73653770e-03  9.94990186e-01
-9.12800409e-03  9.95012439e-01
-8.51947048e-03  9.95313234e-01
-7.91093688e-03  9.95378003e-01
-7.30240327e-03  9.95404507e-01
-6.69386967e-03  9.95355237e-01
-6.08533606e-03  9.95568748e-01
-5.47680245e-03  9.95720494e-01
-4.86826885e-03  9.95784751e-01
-4.25973524e-03  9.95876786e-01
-3.65120164e-03  9.96099893e-01
-3.04266803e-03  9.96055842e-01
-2.43413442e-03  9.96169382e-01
-1.82560082e-03  9.96241366e-01
-1.21706721e-03  9.96360013e-01
-6.08533606e-04  9.96501344e-01
 0.00000000e+00  9.96805201e-01
 6.08533606e-04  9.96593383e-01
 1.21706721e-03  9.96458336e-01
 1.82560082e-03  9.96345692e-01
 2.43413442e-03  9.96278722e-01
 3.04266803e-03  9.96171711e-01
 3.65120164e-03  9.96099739e-01
 4.25973524e-03  9.95876592e-01
 4.86826885e-03  9.95784519e-01
 5.47680245e-03  9.95720222e-01
 6.08533606e-03  9.95568448e-01
 6.69386967e-03  9.95436367e-01
 7.30240327e-03  9.95486179e-01
 7.91093688e-03  9.95377618e-01
 8.51947048e-03  9.95312663e-01
 9.12800409e-03  9.95010300e-01
 9.73653770e-03  9.94872105e-01
 1.03450713e-02  9.94678478e-01
