5870.10 -0.0060292930 0.0191928363
5870.30 -0.0414826611 0.0191888118
5870.50 -0.0272179987 0.0191938898
5870.70 -0.0573495696 0.0192008923
5870.90 -0.0572531316 0.0192015887
5871.10 -0.0307482711 0.0192037658
5871.30 -0.0225815679 0.0192098214
5871.50 -0.0145668867 0.0192149646
5871.70 0.0023080773 0.0192160103
5871.90 0.0130734724 0.0192177656
5872.10 -0.0044964800 0.0192117673
5872.30 0.0393435624 0.0192173226
5872.50 -0.0008157429 0.0192113722
5872.70 -0.0275453592 0.0192008715
5872.90 0.0180644376 0.0191999826
5873.10 -0.0092639950 0.0191966870
5873.30 0.0110741834 0.0191995535
5873.50 0.0242167239 0.0192014138
5873.70 0.0208308718 0.0191992618
5873.90 -0.0067185433 0.0191952793
5874.10 -0.0164985088 0.0191946376
5874.30 0.0392630897 0.0192020147
5874.50 -0.0282541925 0.0191959198
5874.70 -0.0269842991 0.0191947476
5874.90 0.0488856629 0.0192008989
5875.10 0.0081553640 0.0191955442
5875.30 -0.0240842124 0.0191961310
5875.50 0.0325034774 0.0192087040
5875.70 0.0298314967 0.0192169280
5875.90 0.0094005765 0.0192158970
5876.10 -0.0220452941 0.0192226011
5876.30 -0.0199851061 0.0192332752
5876.50 0.0167503966 0.0192460840
5876.70 0.0328652628 0.0192422042
5876.90 0.0163952904 0.0192352700
5877.10 0.0045080824 0.0192275364
5877.30 0.0204865704 0.0192296388
5877.50 -0.0021699534 0.0192244674
5877.70 -0.0041007893 0.0192134654
5877.90 -0.0197861107 0.0192002233
5878.10 0.0053208207 0.0192013073
5878.30 0.0271176075 0.0192061774
5878.50 0.0062739029 0.0192035569
5878.70 0.0121651581 0.0192033498
5878.90 -0.0141614362 0.0191968930
5879.10 -0.0067983972 0.0191993318
5879.30 -0.0155465439 0.0192042802
5879.50 -0.0027661913 0.0192123345
5879.70 0.0005749671 0.0192345765
5879.90 0.0512712016 0.0192475466
5880.10 0.0713105482 0.0192479732
5880.30 0.0074103342 0.0192428365
5880.50 -0.0344699144 0.0192430791
5880.70 0.0119839357 0.0192517171
5880.90 0.0015911503 0.0192624436
5881.10 -0.0121718115 0.0192553637
5881.30 0.0472033738 0.0192522183
5881.50 0.0366524488 0.0192503326
5881.70 0.0162073613 0.0192579718
5881.90 0.0224480446 0.0192840633
5882.10 0.0032273968 0.0192935339
5882.30 0.0149028974 0.0192868264
5882.50 0.0134863954 0.0192825894
5882.70 -0.0199050014 0.0192898234
5882.90 0.0035031294 0.0193125083
5883.10 0.0146571478 0.0193280906
5883.30 0.0112557898 0.0193173206
5883.50 -0.0110316495 0.0193020328
5883.70 -0.0130664139 0.0193085942
5883.90 -0.0661328334 0.0193368932
5884.10 -0.0005407317 0.0193580682
5884.30 -0.0155019694 0.0193445178
5884.50 -0.0229059903 0.0193284137
5884.70 -0.0167820850 0.0193290816
5884.90 -0.0035771081 0.0193315605
5885.10 -0.0207921637 0.0193240009
5885.30 -0.0489245366 0.0192899322
5885.50 0.0365481401 0.0192716482
5885.70 0.0164274485 0.0192646917
5885.90 -0.0284680061 0.0192747888
5886.10 -0.0296439112 0.0193077326
5886.30 0.0022795949 0.0193159038
5886.50 0.0057258744 0.0193220711
5886.70 0.0124288476 0.0193336251
5886.90 0.0271099307 0.0193375242
5887.10 -0.0254425160 0.0193310629
5887.30 -0.0051936832 0.0193716488
5887.50 -0.0317069079 0.0193409425
5887.70 -0.0276212874 0.0194063651
5887.90 0.0191149022 0.0194831889
5888.10 -0.0348327117 0.0195779089
5888.30 -0.0063292833 0.0196996532
5888.50 -0.0407242274 0.0198429239
5888.70 -0.0531954398 0.0199739993
5888.90 -0.0193172867 0.0201345327
5889.10 -0.0422059910 0.0202392208
5889.30 -0.0619010839 0.0203303043
5889.50 -0.0000479838 0.0208053579
5889.70 -0.0316487853 0.0212663332
5889.90 -0.1414168323 0.0228216682
5890.10 -0.0872790311 0.0242955715
5890.30 -0.0927963391 0.0241664521
5890.50 -0.0078409653 0.0238597133
5890.70 -0.0708923556 0.0240544240
5890.90 -0.0233021086 0.0236212796
5891.10 -0.0117532789 0.0228364675
5891.30 -0.0031660939 0.0212287102
5891.50 0.0002455301 0.0199470686
5891.70 -0.0036269348 0.0197853949
5891.90 -0.0452892655 0.0196604146
5892.10 0.0060520576 0.0195440049
5892.30 -0.0275165794 0.0194705167
5892.50 -0.0331087768 0.0194570792
5892.70 -0.0122941301 0.0194303153
5892.90 0.0021381016 0.0194104302
5893.10 -0.0257263283 0.0193769157
5893.30 0.0201677584 0.0193685836
5893.50 -0.0125216210 0.0193888391
5893.70 -0.0152364250 0.0194366801
5893.90 -0.0309245914 0.0194723460
5894.10 -0.0312854201 0.0195569198
5894.30 -0.0644587907 0.0196672089
5894.50 0.0018818279 0.0197898179
5894.70 -0.0160821397 0.0199161691
5894.90 0.0122258282 0.0200519822
5895.10 -0.0544577814 0.0201617990
5895.30 0.0001116047 0.0202752205
5895.50 -0.0340246278 0.0207206647
5895.70 -0.0537588862 0.0210599892
5895.90 -0.0761949486 0.0225467461
5896.10 -0.1068152398 0.0240101845
5896.30 -0.0459534687 0.0238496868
5896.50 -0.0519622774 0.0235015844
5896.70 -0.0346892304 0.0236418657
5896.90 0.0282672858 0.0233024287
5897.10 0.0413937710 0.0228150639
5897.30 0.0400288859 0.0212065523
5897.50 -0.0069877538 0.0198878256
5897.70 -0.0204979310 0.0197050824
5897.90 0.0096920722 0.0195836810
5898.10 0.0455727859 0.0195123159
5898.30 0.0006968918 0.0194547182
5898.50 -0.0294379281 0.0193997036
5898.70 -0.0174037291 0.0193735642
5898.90 -0.0394461221 0.0193766027
5899.10 -0.0571966256 0.0193969072
5899.30 -0.0284553078 0.0193907484
5899.50 -0.0041351323 0.0193690129
5899.70 -0.0010426972 0.0193213148
5899.90 -0.0184237915 0.0193531004
5900.10 -0.0656167988 0.0194237800
5900.30 -0.0290455662 0.0194248345
5900.50 0.0057323249 0.0193890640
5900.70 -0.0077777147 0.0193919712
5900.90 -0.0188149266 0.0194109057
5901.10 -0.0282701001 0.0194163281
5901.30 -0.0124281826 0.0194168110
5901.50 0.0494601180 0.0194258815
5901.70 -0.0312777222 0.0194135876
5901.90 0.0056283501 0.0194024973
5902.10 0.0174408660 0.0194223769
5902.30 -0.0109112009 0.0194445264
5902.50 0.0031750160 0.0194459065
5902.70 -0.0279722848 0.0194329468
5902.90 -0.0156891362 0.0193805518
5903.10 0.0158173487 0.0193491868
5903.30 -0.0125806588 0.0193439216
5903.50 0.0186284274 0.0193502457
5903.70 0.0165104787 0.0193496611
5903.90 0.0045177747 0.0193543990
5904.10 -0.0018798450 0.0193516321
5904.30 -0.0091226316 0.0193507095
5904.50 -0.0191393424 0.0193560250
5904.70 -0.0137029152 0.0193629280
5904.90 0.0074830925 0.0193634645
5905.10 0.0208646120 0.0193545465
5905.30 -0.0035660465 0.0193598717
5905.50 0.0185797085 0.0193655305
5905.70 0.0644701713 0.0193680883
5905.90 -0.0261818521 0.0193561142
5906.10 -0.0192788143 0.0193582581
5906.30 -0.0040356058 0.0193605388
5906.50 -0.0126498916 0.0193518829
5906.70 -0.0007219498 0.0193328157
5906.90 -0.0546981195 0.0193119706
5907.10 -0.0153498702 0.0193150153
5907.30 0.0438757323 0.0193298320
5907.50 0.0264619284 0.0193334316
5907.70 0.0219177183 0.0193259761
5907.90 0.0246602416 0.0193365863
5908.10 -0.0018349262 0.0193427226
5908.30 -0.0154378849 0.0193563288
5908.50 0.0123416242 0.0193571393
5908.70 -0.0128438492 0.0193447752
5908.90 -0.0084471970 0.0193471892
5909.10 0.0051019500 0.0193809625
5909.30 0.0177241637 0.0193678964
5909.50 -0.0015878139 0.0193579356
5909.70 0.0083459306 0.0193454806
5909.90 -0.0091211472 0.0193458840
5910.10 0.0142595228 0.0193588720
5910.30 -0.0198189578 0.0193756704
5910.50 0.0272301712 0.0193565621
5910.70 -0.0094510163 0.0193708424
5910.90 0.0259730160 0.0193962503
5911.10 -0.0090701928 0.0193929277
5911.30 0.0127953914 0.0193914319
5911.50 0.0135478092 0.0193930942
5911.70 -0.0177558458 0.0193740010
5911.90 0.0076183288 0.0193796790
5912.10 -0.0003429869 0.0193857161
5912.30 0.0199946076 0.0193761617
5912.50 -0.0121496683 0.0193952193
5912.70 -0.0104447550 0.0194369463
5912.90 -0.0084211682 0.0194817041
5913.10 0.0015015515 0.0195392065
5913.30 -0.0050252437 0.0195624900
5913.50 -0.0007012597 0.0195700847
5913.70 -0.0239793663 0.0195849118
5913.90 -0.0088315616 0.0196038189
5914.10 -0.0040663740 0.0196101433
5914.30 -0.0219541606 0.0196204377
5914.50 -0.0272782712 0.0195863038
5914.70 -0.0074843088 0.0195733953
5914.90 -0.0673280777 0.0195753553
5915.10 -0.0238121797 0.0195810274
5915.30 -0.0484061231 0.0195585755
5915.50 -0.0154890687 0.0195575706
5915.70 -0.0041752303 0.0195339933
5915.90 0.0266306143 0.0195091882
