-5.753898316646249844e-02 1.693749939416511197e-03 8.662414544849747359e-04
-5.656595894063543711e-02 1.375988319244791924e-03 7.977747483231267811e-04
-5.558443632832140574e-02 -2.725377370954573664e-04 7.958384819239070233e-04
-5.460291371600738825e-02 5.377417203316081640e-04 7.944798164359842020e-04
-5.362139110369337075e-02 9.975942876216947752e-07 7.923759724794664228e-04
-5.263986849137933938e-02 -1.542446330048408143e-03 7.683593416271536835e-04
-5.166684067569596306e-02 -6.213812547957164867e-04 8.023882692152107957e-04
-5.068531806338194556e-02 7.184480106372514996e-04 8.047560823287047303e-04
-4.968679850714848023e-02 9.284275955452336859e-04 7.726348634871273028e-04
-4.872227283875390363e-02 1.273432154770492986e-03 7.623512611047137842e-04
-4.774075022643987920e-02 4.395186128818284743e-04 7.491046274639419182e-04
-4.675922761412586171e-02 -6.836372981456895204e-04 7.577285076819161936e-04
-4.577770500181183727e-02 -2.345378458901148377e-05 7.405676045323658164e-04
-4.477493437193396514e-02 -5.945822322127591875e-04 7.364559532281642713e-04
-4.378491337313299148e-02 -1.058512718878135139e-03 7.310694660110072249e-04
-4.282888609122537105e-02 2.627365791658675676e-04 6.962696110928788930e-04
-4.183036653499190571e-02 1.144671144071240931e-03 6.941152690250600730e-04
-4.084884392267788128e-02 -6.731203873588942344e-05 6.848129252906998837e-04
-3.985882292387690762e-02 -2.891418564235914701e-04 6.798625584395282797e-04
-3.889429708453678164e-02 -1.310105320573407006e-03 6.447780651552086333e-04
-3.792976765534036843e-02 5.349681295883090826e-04 6.727439469945173693e-04
-3.693974665653939476e-02 4.254954648271747075e-04 6.320716840766683583e-04
-3.594972924759472221e-02 1.170646924254392651e-03 6.100983923558514748e-04
-3.495970465893743356e-02 -1.512033819328628681e-05 6.049341792128983247e-04
-3.398668043311037223e-02 -8.907795925217065758e-05 6.233628175894826871e-04
-3.300515782079634780e-02 -8.754428750203935294e-04 6.417755446838457976e-04
-3.202363520848232337e-02 -6.839610270896745448e-04 6.117462819250548420e-04
-3.103361403873581420e-02 -1.476531824839533158e-03 6.192975234061901240e-04
-3.006908837034123760e-02 3.248696651336757668e-05 6.038703791495499216e-04
-2.907906737154026047e-02 -1.242723970409698175e-03 5.918168492987370237e-04
-2.810604314571318874e-02 -4.512698999012965118e-04 6.047185694176213100e-04
-2.711602214691221507e-02 -1.750899530030824991e-04 5.750179150952325954e-04
-2.612600097716569897e-02 -6.265855509239859344e-04 5.831980608772878525e-04
-2.515297692228417314e-02 -4.406500522889933436e-04 5.847957127799977180e-04
-2.417145430997014524e-02 -5.524307920348192624e-04 5.981451616052930716e-04
-2.318143314022363261e-02 1.558944053147159892e-04 6.157581170600248633e-04
-2.219990693805330359e-02 -5.404888199258550685e-04 5.774362672315448003e-04
-2.120988576830679442e-02 -2.437744621430759651e-04 5.951897297720735915e-04
-2.024536009991221783e-02 3.280419860482997052e-04 5.785894005191463988e-04
-1.925533910111123723e-02 3.773490543417246101e-04 5.706596519413302928e-04
-1.828231487528416896e-02 -7.936981362688388941e-04 5.642716401614932377e-04
-1.730079226297014799e-02 -5.434966835131671559e-04 5.840951812250172763e-04
-1.631926965065612356e-02 -4.540560962964512726e-04 5.725740093816129557e-04
-1.533774703834210433e-02 -1.822960165633880081e-04 5.833764031155820725e-04
-1.434772603954112546e-02 4.425646549062189905e-04 5.660252253243408397e-04
-1.336620325628156553e-02 -8.881075293170059837e-04 5.626595266253683891e-04
-1.236343655815107939e-02 -2.300943994493986899e-03 5.846640846013536306e-04
-1.139890712895466271e-02 -1.036689615500185901e-03 5.950357325681873699e-04
-1.042588290312759097e-02 -1.323290728188930565e-03 5.654592273208578108e-04
-9.435861733381076602e-03 -1.462412365911380796e-03 5.695996282723484860e-04
-8.471336064986501740e-03 6.887596297482367902e-04 5.879998487736477937e-04
-7.481315066185525477e-03 -1.150026894207512029e-03 6.062508804019961159e-04
-6.491293896439009371e-03 -1.071326370166492126e-03 6.006812350257795903e-04
-5.518269841557478343e-03 -1.670561891927269116e-03 5.916287585066007035e-04
-4.545245615730410076e-03 3.160748497245124966e-04 6.191596204320396054e-04
-3.555224616929433812e-03 -1.673664490081772094e-03 6.168518641687442336e-04
-2.573702004615411980e-03 -7.917450988628171871e-04 6.660581308255348384e-04
-1.600674017986502108e-03 -4.492795153069328862e-04 6.487664024391843554e-04
-6.106566090418281490e-04 -9.281033913854930262e-05 6.443252238790798340e-04
3.793643897591485485e-04 -1.068591446306998982e-03 6.420337692246679820e-04
1.352392205442519771e-03 -1.017281533230551815e-03 6.551836232056441455e-04
2.325416431269588038e-03 3.219957135880413546e-04 6.767526800506763361e-04
3.315437430070564736e-03 4.192951996750959864e-04 6.652008431396002524e-04
4.296960042384587869e-03 -2.256807893346479688e-03 6.633011073973154714e-04
5.286981041185564133e-03 3.335874744270217462e-04 6.413039802520402064e-04
6.260005267012632400e-03 3.476084737290552340e-04 6.510183150707657624e-04
7.224531106352747103e-03 -1.419282901413021492e-03 6.547663656151787425e-04
8.214552105153724235e-03 -2.787002495060475482e-04 7.090680701685022833e-04
9.204573103954699631e-03 -1.578339308062615132e-04 6.688749937598041217e-04
1.019459427370121574e-02 -1.054574950094977481e-03 6.811808890089596355e-04
1.117611688601523670e-02 4.464717423096065119e-04 6.217669176245701297e-04
1.214064255440981503e-02 7.532301480714931330e-04 6.017929238806822177e-04
1.313916211064328210e-02 -2.693398440485328393e-04 6.037391169190370072e-04
1.411218616552481313e-02 5.309797891546175208e-04 5.942777520944329990e-04
1.507671200486492696e-02 1.889550193356903662e-04 6.159388574774586232e-04
1.608372994758535193e-02 1.373980527938911678e-04 5.934077402307994051e-04
1.705675417341242020e-02 -4.465936858482066896e-04 5.898177770627400758e-04
1.802977822829394949e-02 1.040225829486041143e-03 5.927915331556396017e-04
1.901979939804046213e-02 -1.396152138306461232e-03 6.011278945860199733e-04
2.000557291305334745e-02 1.365753223627530488e-03 6.018973238646544962e-04
2.098709569631290392e-02 -4.816347728987535604e-04 5.926283605036735628e-04
2.196861830862693182e-02 2.478968588026653208e-05 6.065861606572722038e-04
2.295863930742790895e-02 -2.900898304563082064e-04 6.028750016183328586e-04
2.394016191974192645e-02 -6.490588339191916134e-05 6.029109935724583699e-04
2.492593184489851066e-02 -5.451121178736695327e-04 6.094605934403602571e-04
2.591595301464502329e-02 -1.652330915954403068e-03 5.910716728671965101e-04
2.688897706952655259e-02 -1.333208491285264863e-03 5.965830600361338642e-04
2.787049968184057355e-02 -5.408369530920387191e-04 6.037239563132135341e-04
2.884352390766764182e-02 -2.476932569377199300e-03 5.839773254047414108e-04
2.983354490646862242e-02 -3.410205076781469558e-04 6.287341969664008053e-04
3.080656913229568375e-02 -4.908270716392770794e-04 6.361328060466414072e-04
3.178809174460971165e-02 -7.493467628905126077e-05 6.406327548931746918e-04
3.275262117380613180e-02 -2.693795624853279058e-03 7.063481639938836657e-04
3.375963552667025219e-02 -4.769400688698910429e-04 7.260997920793106847e-04
3.474965652547122585e-02 -4.870953581989079240e-04 7.401047860115415530e-04
3.574817591075915568e-02 -7.404924381726463167e-05 6.713678758371513641e-04
3.668721018049471427e-02 -4.717902743579527325e-04 6.772125767305901042e-04
3.769422436241329222e-02 -7.264001287503596416e-04 6.779183247597623868e-04
3.865875003080786881e-02 -6.326735596836607911e-04 7.147239402601231325e-04
3.966576797352829031e-02 -9.437236746360211370e-04 7.349572283735346595e-04
4.063879219935535858e-02 -7.051033183531618675e-04 7.155248449788324978e-04
4.159482324206482950e-02 -3.868939755735656405e-04 7.828014200434299042e-04
4.258484065100949512e-02 1.057249551973837853e-03 7.778952496051493937e-04
4.356636685317982760e-02 -4.657847992001196147e-04 7.611665294908027350e-04
4.454788946549384510e-02 -2.079774403863643428e-03 7.677863359331676876e-04
4.552091369132091336e-02 -1.081759741587973167e-04 8.261320968780246294e-04
4.653642625972644747e-02 -7.428690918213076699e-04 8.792816590421472303e-04
4.752644742947297052e-02 -1.022452703516640860e-03 8.487080321168169027e-04
4.847397632489363478e-02 -2.560570272193696262e-03 8.578514231766591570e-04
4.946399732369460844e-02 3.499880869335392219e-04 8.628381603053451648e-04
5.044551993600863288e-02 5.442882512021185448e-04 9.017010318357177425e-04
5.140155097871810380e-02 2.497220371178165976e-05 9.351499373302764664e-04
5.241706354712363097e-02 -6.595989356639186951e-05 9.207709713249549385e-04
5.339008777295069924e-02 -9.127322640684054633e-04 9.045077964686326156e-04
5.436311199877776751e-02 6.157062724814199584e-04 8.856412976583965743e-04
5.534463461109179194e-02 -1.151976643245400389e-03 9.420861218306954537e-04
5.634315399637972177e-02 9.292488382390828860e-04 8.711264016422840548e-04
5.733742623977063080e-02 -5.996074281275909357e-04 9.223587480722739065e-04
5.831894885208465523e-02 -1.703442069706295747e-03 9.299902456801861610e-04
5.926647774750533337e-02 4.389804145147335745e-04 9.146847279559538980e-04
6.026499713279324932e-02 -3.805274927513035976e-04 9.504969094873516426e-04
6.123802135862031759e-02 -6.189922534489689099e-04 1.013964661882062190e-03
6.222804235742130513e-02 1.170570135299309200e-03 9.725002700058328533e-04
6.322655815285292691e-02 -7.778764850030484013e-05 9.604025741664663903e-04
6.418258919556238395e-02 -4.265152048439357912e-04 9.732788230947187402e-04
6.518960337748096190e-02 -4.192447342328264881e-04 9.674540221946099439e-04
