-7.213781486789343222e-02 1.496724875588162362e-03 8.409916713123467748e-04
-7.116483850681705470e-02 9.137063960593660994e-04 8.207025584478461026e-04
-7.019186197479515554e-02 -5.039715180639170455e-04 8.433003850196145587e-04
-6.919763759615493726e-02 -2.360106557676155958e-04 8.325217746927290408e-04
-6.821616267764608887e-02 -8.992638412139708493e-04 8.649352482312124392e-04
-6.723468775913722661e-02 1.279817887921974595e-03 8.350259281816843800e-04
-6.625321301157391374e-02 1.202468752823149245e-03 7.954379411509781899e-04
-6.527173433226320098e-02 -5.415930653057676736e-04 7.994478850444211105e-04
-6.429025941375435260e-02 -4.714960943746904221e-04 8.027131345138740354e-04
-6.330028610875852724e-02 -3.814149424792301346e-04 8.097066475356956257e-04
-6.231881119024967192e-02 -5.913575951240757078e-04 7.995224655857467071e-04
-6.134583482917329439e-02 2.306702112737646360e-04 7.909514513919373071e-04
-6.036435991066445295e-02 1.959268741495989730e-04 8.154133318949090920e-04
-5.937438660566862758e-02 -4.982252929058850199e-04 8.251677077277457884e-04
-5.840990487027737654e-02 6.430905700374189848e-04 8.491037662943901705e-04
-5.742842995176851428e-02 1.613440319515824228e-03 8.777518935936083622e-04
-5.645544982989030708e-02 -1.077513489167847283e-03 8.912727265857042823e-04
-5.544848334177688437e-02 -1.678396605668819319e-04 8.990220831511194256e-04
-5.447550321989867717e-02 8.092895835909441615e-05 9.013882764263694619e-04
-5.349402830138981491e-02 7.340050278955567720e-04 9.050835117035225391e-04
-5.251255338288095958e-02 -2.078090895023865237e-03 9.394868512070635039e-04
-5.151408169139818499e-02 6.379785559551542917e-05 9.037876055865952732e-04
-5.054960354586324200e-02 1.615285075910355417e-03 8.489551917572942669e-04
-4.958512198141751953e-02 -1.577707017628160457e-04 8.582561188066846003e-04
-4.859514850547616560e-02 -1.432473480027507406e-04 8.859142508938454286e-04
-4.760517520048035411e-02 4.835792968860275209e-05 8.872489561467491103e-04
-4.662370045291704124e-02 -1.454777465261791747e-03 8.610543529403594330e-04
-4.562522859048873114e-02 6.779755951047405915e-04 8.590881610842683591e-04
-4.466075061589930978e-02 1.369783101480392951e-03 8.487367959150132583e-04
-4.368777049402110257e-02 -1.947619196025485167e-03 8.713914319057646310e-04
-4.268929863159279942e-02 3.560009138872111123e-04 8.399424525790657927e-04
-4.169932908739881761e-02 -4.480377042627159412e-04 8.613327919163344011e-04
-4.072634896552061734e-02 3.769245674800636436e-05 8.815879234981670179e-04
-3.975337243349871125e-02 -3.367423952320702796e-04 9.153370049935933292e-04
-3.877189751498985593e-02 -7.020310676624230695e-04 9.036952009403780928e-04
-3.779041900662468562e-02 1.761383553502415822e-04 9.318330350252150085e-04
-3.680894408811582336e-02 -7.640430931975528139e-04 9.354852825238184734e-04
-3.581047239663305570e-02 -5.471775908691967061e-04 9.176496257463843780e-04
-3.484599425109810578e-02 4.233995408071677957e-04 9.080620956649367546e-04
-3.386451933258925046e-02 1.477061039788729602e-03 9.167138798428009277e-04
-3.288304458502592370e-02 6.658633353830989421e-04 9.028441636441383649e-04
-3.190581697935962469e-02 -1.592804519982338185e-03 9.279577417449372603e-04
-3.091584367436380973e-02 -4.236704834602589287e-04 9.070586825667768371e-04
-2.994286714234190364e-02 5.760753131054396903e-04 8.963969364532663187e-04
-2.895289383734609215e-02 1.625978027975927276e-04 9.077882972729197980e-04
-2.797141532898093225e-02 -2.564912991784962237e-03 8.862618037528913412e-04
-2.698994041047206652e-02 1.522845654673088411e-03 8.792863918523597614e-04
-2.599147230884560344e-02 -4.567537840521884718e-04 8.615873867014498628e-04
-2.502699057345434894e-02 -3.515990019599124494e-04 8.607036742257135513e-04
-2.404551582589102912e-02 -1.190519299304471090e-03 8.480266989428903151e-04
-2.306404090738217033e-02 3.578708056187762665e-04 8.637391759747821418e-04
-2.209955917199091582e-02 -6.241367574918443850e-04 8.630973699775532125e-04
-2.109259268387749311e-02 -1.001692591994229886e-04 9.029774750115376024e-04
-2.012811094848623861e-02 3.859827955102757002e-04 9.007470610242848284e-04
-1.912963925700346748e-02 -4.175480109557261343e-04 8.748575253588868625e-04
-1.814816433849461216e-02 -1.343432829992163846e-03 8.756655000492077423e-04
-1.717518780647270607e-02 5.768598634410260217e-04 8.746959559030758648e-04
-1.619371288796384381e-02 -2.430942327787954937e-04 8.794608020521953694e-04
-1.522073276608563834e-02 -4.778727418602857213e-04 8.778195133466186375e-04
-1.423075946108982338e-02 7.116035277048293750e-04 8.777390143146364919e-04
-1.324078615609401016e-02 1.595599716783802080e-04 8.560597104224989835e-04
-1.229330136462220349e-02 -2.491267466431801303e-03 8.630253038302695490e-04
-1.126084313595868483e-02 -5.395220164291503195e-04 8.820294287257350293e-04
-1.029636140056743206e-02 1.055143885018594574e-03 8.662924584781404955e-04
-9.331879836121713054e-03 -1.531547349896911214e-03 8.625917812718688227e-04
-8.333411734495248246e-03 7.820550160840822329e-04 8.845638974244387923e-04
-7.360431612617041042e-03 1.151110848032876888e-03 9.204504522735144955e-04
-6.378956694108180517e-03 6.937496865240255772e-04 9.295893510904647316e-04
-4.416006857090460334e-03 -6.750061240540228269e-04 9.174215033257698132e-04
-3.434531938581600677e-03 -2.540795621087665879e-04 9.059448287135638076e-04
-2.444558633585786588e-03 -1.384584986138359675e-03 8.820133947756854083e-04
-1.471582101563881145e-03 3.425615234264878239e-05 8.778929351448453659e-04
-4.986019796856728560e-04 1.269120567109371933e-03 9.474906745104455952e-04
4.871202516657437576e-04 -7.361682102223765511e-04 9.264028451140869994e-04
1.468595170174603632e-03 -1.748265836819529184e-04 9.473128604993417707e-04
2.467066861657371286e-03 -8.891517845988072821e-05 9.129811445965171522e-04
3.448541780166231377e-03 2.250720996377353345e-03 9.700505887286064175e-04
4.421518312188136603e-03 -3.093061789638529291e-04 8.848826538257756683e-04
5.402996820553299107e-03 8.034776802203769108e-04 9.403456195646926101e-04
6.392966535692811217e-03 -1.102313319552683524e-03 9.038118432730126404e-04
7.357448100138526750e-03 -7.949447742813253726e-04 8.730457450033692448e-04
8.338923018647387275e-03 1.090157953630432885e-03 8.495579951880066804e-04
9.311899550669293368e-03 -3.323428276541529058e-04 8.471152848109033328e-04
1.031037124215206102e-02 2.541236305326766143e-04 8.206843818975756476e-04
1.129184616066092155e-02 -1.390078744918366027e-04 8.236373417063289244e-04
1.223933095213272648e-02 -1.839355466406455974e-04 9.424244237321574092e-04
1.326329438416559356e-02 -6.627948906056113643e-04 9.556417084889124152e-04
1.425326768916140852e-02 -1.754340817478827752e-03 8.680202793959204081e-04
1.520925103806570859e-02 9.569380001628324806e-04 9.524718971567864515e-04
1.619072595657456912e-02 -1.736895191930321047e-03 1.056926903118053131e-03
1.717220070413788893e-02 -1.148670603721591021e-03 1.025979665419751198e-03
1.817917095305314826e-02 3.538646585310445403e-04 1.043609191022810013e-03
1.917763905467961480e-02 -1.345020875926472570e-03 9.249334690049352192e-04
2.010813066303381719e-02 1.961520585139098216e-03 8.818667133871192646e-04
2.108960558154267598e-02 -1.445786969615170392e-03 9.088095651914566845e-04
2.208807368316914252e-02 -1.756979398375602130e-03 9.586373889425770694e-04
2.306105380504734972e-02 -1.417675592123135431e-03 8.697458190553942559e-04
2.405952190667381627e-02 -2.032309987056168943e-03 9.274212658759092842e-04
2.504949521166963122e-02 -2.125322537088303321e-03 9.340565051692249765e-04
2.603097013017849001e-02 -1.976055081013616821e-03 8.278001460586440841e-04
2.698695330813725285e-02 -1.841648773498127944e-03 8.452694314456937882e-04
2.799391996719621106e-02 -1.644592318196580472e-03 8.249324010860784213e-04
2.894140475866801773e-02 -5.467553420435145028e-04 8.012424322422209352e-04
2.993137806366382922e-02 -2.300237991192943809e-04 8.127832782998118798e-04
3.091285298217269148e-02 -2.197053223261469235e-03 8.712854047259423933e-04
3.191982306014241183e-02 -6.057463932820361663e-04 9.121319195595252579e-04
3.287580640904671364e-02 -7.534267887753243187e-04 8.314463010652810033e-04
3.387427451067318018e-02 -3.353242750127050087e-04 8.880133032237151223e-04
3.483875624606443122e-02 -6.995694605117508402e-04 9.196692460642787821e-04
3.583722434769089776e-02 -5.515638265508604476e-04 9.368503162011956832e-04
3.678470913916270790e-02 -9.823596772383647036e-04 9.694174587722426129e-04
3.776618405767156322e-02 1.336401777001228197e-04 9.370266658149023270e-04
3.879864587619138300e-02 -8.789776431321616457e-04 9.729691207101897428e-04
3.974613066766320008e-02 -1.678821031156907395e-04 8.769191332477270723e-04
4.071910719968509923e-02 7.818891453905685296e-04 8.951735805370869114e-04
4.170058570805025566e-02 -1.522169007458717971e-03 9.861140433477196855e-04
4.267356224007216869e-02 2.302513583751775172e-04 1.078704584574754046e-03
4.369752550115949680e-02 5.657319807412797275e-04 1.133899114290743814e-03
4.467050203318140289e-02 -6.500000852854848077e-04 1.136345502916266768e-03
4.567746852129482560e-02 1.209079710887461800e-03 9.830467543896516652e-04
4.662070599992407249e-02 -1.799722840193584972e-03 1.051240733717719120e-03
4.764466943195693610e-02 1.352947232126089361e-03 9.747644951613457709e-04
