5870.10 -0.0131273565 0.0255165355
5870.30 -0.0353918366 0.0255169793
5870.50 0.0168745936 0.0255393677
5870.70 0.0235845392 0.0255521563
5870.90 -0.0214345923 0.0255442509
5871.10 -0.0092810834 0.0255536469
5871.30 -0.0597393880 0.0255559615
5871.50 -0.0314432429 0.0255569274
5871.70 -0.0269782830 0.0255487932
5871.90 0.0286171630 0.0255527936
5872.10 0.0510606183 0.0255500630
5872.30 0.0163070099 0.0255356141
5872.50 0.0100138871 0.0255274910
5872.70 0.0147587390 0.0255231426
5872.90 0.0105313175 0.0255197765
5873.10 -0.0679597684 0.0255072582
5873.30 -0.0535895571 0.0255086598
5873.50 0.0029400478 0.0255210647
5873.70 0.0157735306 0.0255210751
5873.90 0.0110610929 0.0255203610
5874.10 -0.0099420531 0.0255171890
5874.30 -0.0212534359 0.0255134944
5874.50 0.0559666651 0.0255256035
5874.70 -0.0496960892 0.0255086868
5874.90 -0.0234507154 0.0255105873
5875.10 -0.0028984918 0.0255213610
5875.30 0.0137180785 0.0255300635
5875.50 0.0248298318 0.0255574461
5875.70 -0.0143026364 0.0255618560
5875.90 0.0256453885 0.0255759403
5876.10 -0.0199555750 0.0255976233
5876.30 -0.0087729868 0.0256089335
5876.50 -0.0394592470 0.0256048845
5876.70 0.0333291611 0.0255927116
5876.90 -0.0388841953 0.0255641898
5877.10 -0.0691963073 0.0255418915
5877.30 -0.0064888904 0.0255382495
5877.50 -0.0050348958 0.0255357007
5877.70 0.0020692214 0.0255354953
5877.90 -0.0307681451 0.0255325494
5878.10 -0.0110036049 0.0255299031
5878.30 0.0594831945 0.0255335906
5878.50 -0.0044349584 0.0255199365
5878.70 0.0550568464 0.0255257545
5878.90 0.0293668932 0.0255223763
5879.10 0.0144581684 0.0255282904
5879.30 -0.0194899685 0.0255322157
5879.50 -0.0225847947 0.0255691544
5879.70 -0.0138322657 0.0256187321
5879.90 0.0334341227 0.0256282296
5880.10 -0.0042070946 0.0256178264
5880.30 0.0109381754 0.0255985420
5880.50 0.0029062148 0.0255785598
5880.70 -0.0409860439 0.0255696662
5880.90 -0.0270260848 0.0256034932
5881.10 -0.0076762182 0.0256300577
5881.30 -0.0267026359 0.0256277006
5881.50 0.0039305123 0.0256238017
5881.70 0.0023125547 0.0256289947
5881.90 0.0482723472 0.0256644799
5882.10 -0.0030523444 0.0256555491
5882.30 -0.0084455186 0.0256656649
5882.50 0.0316908566 0.0256806912
5882.70 0.0304335423 0.0256927863
5882.90 -0.0036456614 0.0257070240
5883.10 -0.0178792794 0.0257065122
5883.30 -0.0147582858 0.0257065876
5883.50 0.0005357567 0.0256935837
5883.70 0.0279589478 0.0257133018
5883.90 0.0262392407 0.0257828091
5884.10 -0.0044740963 0.0257946232
5884.30 -0.0060261630 0.0257974844
5884.50 0.0197691840 0.0257769754
5884.70 0.0216528326 0.0257350396
5884.90 0.0225357050 0.0256807041
5885.10 0.0017583055 0.0256298660
5885.30 0.0164479546 0.0256100494
5885.50 0.0091097700 0.0256185625
5885.70 0.0053038064 0.0256295783
5885.90 0.0357283210 0.0257475578
5886.10 0.0148159648 0.0257878788
5886.30 0.0405248873 0.0258399709
5886.50 0.0311928898 0.0258340470
5886.70 -0.0572627782 0.0257767425
5886.90 -0.0484224668 0.0257293514
5887.10 0.0094950757 0.0257323420
5887.30 -0.0056315312 0.0257673635
5887.50 0.0141565449 0.0258201541
5887.70 0.0185454861 0.0259693083
5887.90 0.0350085888 0.0261153154
5888.10 -0.0370119286 0.0262783242
5888.30 0.0132614579 0.0264406769
5888.50 -0.0168061017 0.0266298735
5888.70 -0.0170659049 0.0268340988
5888.90 0.0127676750 0.0269854825
5889.10 -0.0791036156 0.0271026538
5889.30 -0.0346694191 0.0272092416
5889.50 -0.0107086313 0.0281194274
5889.70 -0.0587611691 0.0289523980
5889.90 -0.1619766723 0.0326633267
5890.10 -0.1481378393 0.0363421059
5890.30 0.0239484409 0.0352724303
5890.50 -0.0542229453 0.0333916468
5890.70 -0.0227012265 0.0307239571
5890.90 -0.0479111560 0.0286627162
5891.10 -0.0347794061 0.0270496967
5891.30 -0.0349937831 0.0263768741
5891.50 0.0146460232 0.0262563995
5891.70 -0.0194821896 0.0261675920
5891.90 0.0265070099 0.0260401258
5892.10 -0.0189475020 0.0259351295
5892.30 0.0291158491 0.0259316758
5892.50 -0.0135184981 0.0258941263
5892.70 0.0184259753 0.0258243531
5892.90 0.0003500110 0.0258110902
5893.10 0.0365509924 0.0258119417
5893.30 0.0226088113 0.0257928427
5893.50 0.0278108100 0.0258127300
5893.70 -0.0262705833 0.0258806110
5893.90 0.0600932043 0.0260235046
5894.10 -0.0243930129 0.0261674269
5894.30 -0.0229930434 0.0263711435
5894.50 -0.0083890815 0.0265669725
5894.70 -0.0006695731 0.0267245761
5894.90 -0.0109501207 0.0268996410
5895.10 -0.0473672709 0.0270205514
5895.30 -0.0740137301 0.0271059041
5895.50 -0.0062780813 0.0279769321
5895.70 -0.0359355876 0.0285555214
5895.90 -0.0898205531 0.0321192127
5896.10 0.0274794244 0.0355874025
5896.30 0.0813868032 0.0346431199
5896.50 0.0369595516 0.0330090769
5896.70 0.0077433077 0.0305512958
5896.90 -0.0460238036 0.0286753918
5897.10 -0.0123631515 0.0270649281
5897.30 -0.0306647542 0.0263762600
5897.50 0.0332559769 0.0261577611
5897.70 -0.0280853317 0.0259635022
5897.90 -0.0314880385 0.0258448584
5898.10 -0.0337274288 0.0259046551
5898.30 -0.0364141716 0.0259132655
5898.50 0.0225437200 0.0258960182
5898.70 -0.0080057319 0.0258618459
5898.90 0.0180405141 0.0258598805
5899.10 -0.0311353788 0.0258216319
5899.30 -0.0393984686 0.0257455289
5899.50 -0.0654242393 0.0257182696
5899.70 0.0227752080 0.0257241436
5899.90 -0.0379981275 0.0258651968
5900.10 -0.0180047068 0.0259473507
5900.30 -0.0162897716 0.0259641866
5900.50 -0.0282262742 0.0259485683
5900.70 -0.0061223751 0.0258837035
5900.90 -0.0155203750 0.0258147540
5901.10 0.0519764543 0.0257369686
5901.30 0.0181919680 0.0258182246
5901.50 0.0660133440 0.0259715467
5901.70 0.0645932854 0.0259813216
5901.90 0.0244899515 0.0259672757
5902.10 -0.0193304706 0.0259575277
5902.30 -0.0724564220 0.0258859130
5902.50 -0.0133099703 0.0258123332
5902.70 0.0219226233 0.0257641966
5902.90 -0.0103910801 0.0257347948
5903.10 -0.0278366287 0.0257042159
5903.30 -0.0000746841 0.0256860291
5903.50 0.0112789350 0.0257300223
5903.70 -0.0056376131 0.0257588999
5903.90 -0.0070717083 0.0257868152
5904.10 0.0176087191 0.0257900493
5904.30 -0.0096416572 0.0257741164
5904.50 -0.0490412377 0.0257445272
5904.70 0.0403480195 0.0257298103
5904.90 -0.0220770966 0.0257136243
5905.10 0.0240635557 0.0257406699
5905.30 0.0316106243 0.0257909502
5905.50 0.0370934759 0.0258056706
5905.70 -0.0180129074 0.0257926921
5905.90 0.0362741134 0.0257820318
5906.10 -0.0299588048 0.0257510974
5906.30 -0.0154956804 0.0257283688
5906.50 -0.0778345065 0.0256935420
5906.70 0.0973400195 0.0257049965
5906.90 -0.0404222131 0.0256859988
5907.10 0.0270558729 0.0256988286
5907.30 -0.0631580048 0.0257150866
5907.50 -0.0017837547 0.0257308180
5907.70 0.0002037010 0.0257512040
5907.90 -0.0005777485 0.0257706781
5908.10 0.0600278889 0.0258030161
5908.30 0.0612187656 0.0258126598
5908.50 0.0469792549 0.0257859889
5908.70 0.0242106328 0.0257639648
5908.90 -0.0409027538 0.0257885073
5909.10 0.0046584161 0.0258020516
5909.30 -0.0447136567 0.0257766179
5909.50 -0.0172833537 0.0257730076
5909.70 0.0050592370 0.0257474145
5909.90 -0.0208098425 0.0257244305
5910.10 -0.0486204543 0.0257262383
5910.30 -0.0588188516 0.0257613841
5910.50 -0.0469205449 0.0257955175
5910.70 0.0075680076 0.0258857051
5910.90 0.0018564342 0.0258979721
5911.10 0.0532185876 0.0258800654
5911.30 -0.0096646142 0.0258215355
5911.50 0.0779991284 0.0257817562
5911.70 -0.0195698851 0.0257359935
5911.90 0.0133631879 0.0257368479
5912.10 -0.0171197371 0.0257635764
5912.30 0.0243207308 0.0258091217
5912.50 0.0232896044 0.0258726531
5912.70 -0.0085566124 0.0259364468
5912.90 -0.0654173850 0.0260329043
5913.10 -0.0395424945 0.0260906104
5913.30 -0.0408435580 0.0261021068
5913.50 -0.0333382381 0.0260938383
5913.70 -0.0422784430 0.0260596098
5913.90 0.0504780804 0.0260445588
5914.10 0.0057004611 0.0260449085
5914.30 -0.0226092773 0.0260576694
5914.50 -0.0035054568 0.0260581430
5914.70 0.0067752521 0.0260490397
5914.90 -0.0232907598 0.0260589311
5915.10 0.0109671512 0.0260330680
5915.30 -0.0200060710 0.0260022118
5915.50 -0.0449131124 0.0260073104
5915.70 -0.0307646055 0.0259804660
5915.90 0.0207502555 0.0259468123
