-5.215958418084137849e-02 -8.166287115101145133e-04 7.952901453327282030e-04
-5.119084043129128875e-02 -9.031605615795745834e-04 7.355769835040230605e-04
-5.024759184120204669e-02 1.792850185251992912e-03 7.381556053875288400e-04
-4.927885185245380051e-02 4.203178742069324514e-04 7.163315239785310925e-04
-4.833135235966570104e-02 -3.772420896387407296e-04 7.209884837730448333e-04
-4.734986273984054944e-02 2.282419055164019994e-04 7.230687928834453109e-04
-4.639811952406620865e-02 -3.036965488995013729e-04 7.036233435672623222e-04
-4.544637254749001043e-02 -1.726147508140929432e-04 7.147646093726890302e-04
-4.449462557091382608e-02 7.142240441719849287e-04 7.669403805195037366e-04
-4.353438037879621414e-02 1.224371626888598463e-03 7.950312210392284501e-04
-4.254864327518297767e-02 -1.137132327940548748e-03 8.096481659116054694e-04
-4.157990328643472455e-02 -7.509527595696008362e-04 7.706691076106910593e-04
-4.061540684972718418e-02 1.623809427396150085e-03 7.794731341781634083e-04
-3.962966991705947628e-02 -2.648616182413521258e-04 7.743398295677613547e-04
-3.865667868372128779e-02 -5.605529343261084207e-04 7.248025954930094805e-04
-3.768369121118493592e-02 -4.636389731637047262e-04 7.446032315693723331e-04
-3.672769333190988722e-02 -4.082858890532836682e-04 7.883658905576915741e-04
-3.578019742897809580e-02 -2.263493711250341711e-03 7.575020964427452413e-04
-3.481145367942799218e-02 -3.329185600963180391e-04 8.002028876562260499e-04
-3.383421513324724739e-02 8.345209375000273155e-04 7.516128109011443277e-04
-3.288671923031545596e-02 7.325182636797045177e-04 7.660804412558631579e-04
-3.190522961049031131e-02 6.818970809385760390e-04 7.762383190012834546e-04
-3.094923532107156025e-02 -3.349205783560460503e-04 7.019544638657722584e-04
-2.998474264516586343e-02 1.093752463066088865e-05 6.818174930558375127e-04
-2.900750050912881059e-02 -2.117037798066156995e-04 6.768309573903474570e-04
-2.805150621971006300e-02 -1.196693238432189332e-03 6.519210799895997638e-04
-2.708276606001627090e-02 6.890576399583014933e-04 6.679511705175491523e-04
-2.613101925438561512e-02 -2.833624575129256584e-04 6.700919441280345874e-04
-2.515377694740302678e-02 1.425116092691580683e-03 6.787512156351170828e-04
-2.417653840122228198e-02 6.727830693453729083e-05 6.767809273588173231e-04
-2.322479159559162967e-02 5.999547958539519499e-04 6.554014209316759172e-04
-2.227304461901544186e-02 -1.929837519311083938e-04 6.374599494994924280e-04
-2.132130140324108719e-02 -1.783486930855837649e-03 6.386776386436485283e-04
-2.033981178341594254e-02 1.621020271408424307e-04 6.359492500159051338e-04
-1.937106803386584239e-02 7.414088702643040207e-04 6.450781485439575089e-04
-1.841932481809149813e-02 5.031668746122708313e-04 6.461551328814391787e-04
-1.745482838138395776e-02 6.306214510003460560e-04 6.515029641496055150e-04
-1.646909144871625333e-02 -4.655010194360986731e-04 6.276568548237730551e-04
-1.551734823294190213e-02 -9.302219814762979766e-04 5.873431941504275505e-04
-1.455285555703620184e-02 -7.966052349954733103e-04 5.910509980487766270e-04
-1.359685750681561764e-02 -8.510386876816600221e-04 6.055885098677750650e-04
-1.261537164779231134e-02 -5.063290838063227994e-04 6.764856633870867985e-04
-1.163388202796716495e-02 4.866252907143042705e-05 6.835221843985520842e-04
-1.066513827841706653e-02 3.417593979695432438e-04 6.591593493099558339e-04
-9.709143988998320679e-03 -9.020815510272228721e-04 6.530245602442142890e-04
-8.736152755660126987e-03 -1.346290423249962842e-03 6.468136290295483813e-04
-7.763165283123775115e-03 1.871279565424099900e-05 6.715504078497402333e-04
-6.794421533573678437e-03 -1.749790973863629695e-03 6.823010950151891423e-04
-5.846925630641886147e-03 -6.337326273666565868e-04 6.821355834683811951e-04
-4.882432954736185861e-03 -7.854475883102285394e-04 6.703052827794394588e-04
-3.922187591673042747e-03 -4.747325194438545282e-04 6.496820792295809627e-04
-2.978939172529344870e-03 -5.507424533808258360e-04 6.868758561848414346e-04
-2.022944883110599015e-03 -1.264384693763109802e-03 6.749883231717412760e-04
-1.045702576128008932e-03 1.062425098274921709e-05 6.740496037579670396e-04
-8.970828670926287373e-05 6.219790888406517837e-04 6.822552136865839365e-04
8.875300885259480551e-04 1.006953438456026362e-04 6.830741920061508734e-04
1.856270248219743296e-03 2.482885634447207224e-04 6.720772260279379937e-04
2.833512384256795056e-03 3.717150677551295246e-05 6.876627395124103098e-04
3.798005231108033449e-03 5.398247140564471636e-04 7.009795789058166334e-04
4.749752036738684458e-03 -1.009231514239927741e-03 6.992953159281913283e-04
5.722739509275036329e-03 -1.306902132479637046e-03 7.068478367108390996e-04
6.653242229089222602e-03 -1.099751466735465755e-03 7.387698883860635123e-04
7.638979161756926164e-03 2.314834753280869961e-05 7.393457514912903962e-04
8.620468781582072554e-03 -8.910943540624272075e-04 8.078556829065886014e-04
9.572215758158262103e-03 2.333313364966116410e-06 7.446045788030162052e-04
1.054095574690651869e-02 3.152261386423216294e-04 7.297497137569960209e-04
1.149695003632526628e-02 -1.578835387263000101e-03 7.441296215755293861e-04
1.245294808654585396e-02 -2.283909658425953282e-04 7.764243222805580942e-04
1.341318968880715612e-02 -1.770366742475104616e-04 7.533059476700340379e-04
1.437343505187029837e-02 -9.850355128961929552e-04 7.017515968410028594e-04
1.532518202844648618e-02 -3.975229718955475278e-04 6.370734771107579558e-04
1.626417937394578767e-02 2.624186230244518470e-04 6.673120224140162643e-04
1.721167886673388367e-02 2.911764072266453951e-04 7.002663311992552569e-04
1.821016166967663261e-02 1.365755035115157057e-03 7.902559440992382557e-04
1.916190864625282042e-02 -4.973710483655580106e-04 7.854439069088852646e-04
2.013489970864547687e-02 5.252578005229269209e-04 7.971638526406074621e-04
2.107389722509031213e-02 -2.850155508464791154e-04 7.680715675514156399e-04
2.208087841452002070e-02 3.950625219713010949e-04 7.917351866628622586e-04
2.301987952082116401e-02 2.440632196418768274e-04 6.529697687913222585e-04
2.396312793996486015e-02 -3.333496113298028973e-04 6.350087199623483678e-04
2.594310036273276068e-02 8.239662451134943666e-04 5.944800986332728684e-04
2.689484357850710841e-02 4.662439519353966944e-05 5.808603970901914494e-04
2.786783481184530037e-02 -1.163687312021877140e-03 6.007412942206764818e-04
2.882382910126404449e-02 1.080660408709910314e-03 5.847804876687975103e-04
2.979257285081414811e-02 3.886329640001573438e-05 5.833421900663053996e-04
3.075706552671984492e-02 -5.499758502830465190e-04 5.863254206380256670e-04
3.173855138574315643e-02 -2.767631908116019446e-04 5.826368351499453847e-04
3.269879674880629000e-02 3.391355907989002105e-05 6.020832912431092754e-04
3.368878116526208971e-02 6.424240805957825984e-05 6.171428352525121144e-04
3.466602330129914256e-02 -7.400387670714048127e-04 6.092858406598999736e-04
3.563476346099293812e-02 8.377556525499540996e-04 6.092048696427202663e-04
3.659925613689863494e-02 -4.086981985419457786e-04 6.255284614832899281e-04
3.756799629659243051e-02 -4.451531457522195367e-04 6.327852631666776523e-04
3.853248897249813426e-02 2.408435717335954962e-04 6.292921145487877102e-04
3.950548003489079418e-02 8.795018629055295634e-04 6.610293646153496752e-04
4.049121696755849514e-02 5.727808438054093898e-04 6.773902885397333840e-04
4.146420820089668363e-02 -1.665756417105201947e-04 6.734787040850645891e-04
4.242020249031543122e-02 -1.075244824332521887e-03 6.870200061739443771e-04
4.338469516622113498e-02 1.247453660909503270e-03 6.691319729483152312e-04
4.434494052928426855e-02 4.558968107919447732e-04 6.578187223727501682e-04
4.529243643221606691e-02 3.127795626232110493e-04 6.753340421248973024e-04
4.625692910812177067e-02 8.899433808304824112e-04 7.010536595605064555e-04
4.722992034145995915e-02 1.113886142004028024e-03 7.057671042867355452e-04
4.819866033020821228e-02 1.491261282873246330e-04 7.270591856994877483e-04
4.917590263719080756e-02 -3.893303696000938174e-05 7.460867393494069726e-04
5.012764585296516223e-02 -5.769670505089141699e-04 7.143235110610055786e-04
5.112613224576421228e-02 4.503921851579661961e-04 7.013117451414259190e-04
5.206938066490791189e-02 -3.826442760019865830e-04 7.381091529279423672e-04
5.305086669487674850e-02 -5.838632173316149476e-04 7.428588850752091896e-04
5.399836259780853992e-02 2.374530188584689228e-04 7.105581776681583117e-04
5.495436047708358862e-02 -4.305844433485361833e-04 7.209613245845021773e-04
5.590185638001538698e-02 5.183208122032656462e-04 8.096661901522197178e-04
