-1.885737395639308644e-02 -9.670016492301369837e-04 1.105059003308818313e-03
-1.790136120485621291e-02 -1.624717774169837092e-03 1.106857344322897171e-03
-1.691135490737152164e-02 1.073607270746124165e-03 1.037787376483253728e-03
-1.592135219974313495e-02 -1.090510889496076885e-03 1.030849120489388130e-03
-1.494834267523235255e-02 -2.006639152112299485e-04 1.029327128383847193e-03
-1.395833996760396586e-02 2.260643309448528981e-04 1.016148458987320294e-03
-1.297683564646253361e-02 -2.499973232665819722e-03 9.951757151906261752e-04
-1.199532773546479504e-02 1.569624072680353422e-03 1.007562165505135896e-03
-1.102232197175585619e-02 -1.486163591446820753e-03 1.039761211991656808e-03
-1.001956980399611521e-02 -1.095941190842775192e-03 9.493211711982778170e-04
-9.084801309221244084e-03 -1.226077769245215165e-05 8.687459897773269161e-04
-8.082052902263346661e-03 -1.576229430766296069e-03 8.665534484261143248e-04
-7.092046604778657996e-03 -1.346676136838365068e-03 9.384034035095810888e-04
-6.127539056611132004e-03 -1.369695670970783041e-03 9.204830490947961972e-04
-5.120539576008838190e-03 -2.687426342186216566e-03 8.462939609881740431e-04
-4.139031665011101355e-03 -1.443886051167408979e-03 7.737564858542099553e-04
-3.174524287789114337e-03 -1.624213538500951515e-03 8.456091436514714564e-04
-2.167524636241280681e-03 1.013003302932080629e-04 7.834195775890653770e-04
-1.186016725243544713e-03 -1.511009262596507696e-03 7.453238028817622601e-04
-2.130109615346037510e-04 -5.490472542166724423e-04 7.304528414551084235e-04
7.684969494631320539e-04 -3.969006791209039875e-04 7.116049314447557561e-04
1.750001270604565392e-03 -8.120572387856350716e-04 7.208521353312410214e-04
2.731509181602301359e-03 -3.238083109980971486e-04 6.934964045795415696e-04
3.725759202073245652e-03 -8.777486893922770150e-04 6.874322828543138380e-04
4.707267284016519726e-03 -7.413806900294916957e-04 6.884111038800800947e-04
5.688771434212414740e-03 -5.455860183644078987e-04 6.989389146390094639e-04
6.644784185749288280e-03 -1.146754200223365494e-03 6.812715449734331376e-04
7.634786893377674966e-03 -6.552295868973434523e-04 6.822894515851513119e-04
8.624793190862364498e-03 -3.919104335899925573e-04 6.753361415963908760e-04
9.597798954571306815e-03 4.280401832446045773e-05 7.149089280859238608e-04
1.059630004868664967e-02 -1.018012656322841991e-03 6.746431912360216455e-04
1.155231280022352321e-02 -1.442693311243137266e-03 6.392551705547273823e-04
1.254231550785190989e-02 -1.577398679901587109e-03 6.559699903936376053e-04
1.351532503236269056e-02 4.033717206051168347e-04 6.614408082376001209e-04
1.452232451296498611e-02 -1.060490060968422021e-03 6.705894280867430012e-04
1.547833709355632067e-02 -1.949990903080678351e-04 6.492084772793295247e-04
1.647258728497280611e-02 -4.264777178214496089e-04 6.464771531650634340e-04
1.746259358245749391e-02 -1.017390144575913702e-03 6.683479822484563078e-04
1.843985041981083262e-02 1.112891633541668313e-03 6.295963380832972052e-04
1.942985312743922277e-02 9.240446756995090993e-04 6.599150097227517511e-04
2.039436426546304901e-02 -6.824001295114845433e-04 6.303083793235366621e-04
2.138436697309143569e-02 2.816935828613420512e-04 6.644190400684843066e-04
2.237012219693172710e-02 6.368960745812835000e-04 6.325530479360872826e-04
2.336012490456011378e-02 -7.723174771752105983e-04 6.521951030971603110e-04
2.432463604258394349e-02 -5.596230935385193561e-04 6.494278676866901317e-04
2.531463875021233365e-02 8.309746681740559637e-04 6.548482320995707663e-04
2.630464145784071686e-02 1.540829831175871689e-03 6.454071192706348952e-04
2.726915242491901106e-02 2.064430592390698038e-03 6.551989438800506814e-04
2.826765351903435045e-02 9.267608310126185245e-04 6.461798990516115677e-04
2.924066304354512938e-02 1.279142565406510279e-03 6.124361378356175424e-04
3.022216736468656337e-02 -6.477660674697460763e-05 6.301387037104120214e-04
3.121217007231495352e-02 4.088284620883397835e-04 6.414259684081205590e-04
3.218517959682573593e-02 1.567526410079178589e-03 6.673474048929606229e-04
3.316668374702162053e-02 -8.701905223928996236e-05 6.416405285051495454e-04
3.415668645465001069e-02 4.786602290828279038e-04 6.296249876923212287e-04
3.512969597916080350e-02 1.849250683700898179e-04 6.409784780314305760e-04
3.611120030030222361e-02 -5.177516004674087569e-04 6.375974483879263445e-04
3.710970139441756993e-02 -1.222315700571630082e-03 6.569018651034516480e-04
3.807421253244139964e-02 1.145892954609317727e-04 6.635424531340472498e-04
3.906421524006978285e-02 -1.272635082091744252e-03 7.236118046333719564e-04
4.002872620714807012e-02 1.158496470884395890e-04 7.879890488124031284e-04
4.102722730126341644e-02 9.922311105685643895e-04 7.239488474816772575e-04
4.202148108253619951e-02 1.099630524811878729e-03 7.697850704797560813e-04
4.299023953340258553e-02 -6.990020749101377717e-04 7.218061319216648565e-04
4.397599492818841244e-02 9.461449436432012305e-05 7.242247988226800789e-04
4.497024494865935890e-02 -9.400880183355608821e-04 7.645743813526656614e-04
4.594325447317013783e-02 2.336141831318361284e-04 7.752905488722784504e-04
4.693325718079852799e-02 7.382884690889657264e-04 7.463650554346521219e-04
4.887927246901825618e-02 -8.192049719424332466e-05 6.881294178693563024e-04
4.985227823272718461e-02 -1.298854804356874837e-04 6.736854495828805117e-04
5.085078308764438143e-02 5.073430581679083673e-04 6.809766575582065816e-04
5.183228740878580848e-02 -6.315181891969334771e-04 7.074778880228485903e-04
5.280529317249475080e-02 -1.085810951705346028e-04 7.027323474228354752e-04
5.378255000984808604e-02 6.376729832996419489e-04 7.124483700792452094e-04
5.478530217760782528e-02 -5.593615597874190826e-04 7.071905940632013110e-04
5.573281654265774959e-02 -3.737117965373348838e-04 6.913714655951609276e-04
5.674831440974700131e-02 -1.013728894804333258e-03 6.909100459694824357e-04
5.771282178696898052e-02 9.064353174859096640e-04 6.796680199281136554e-04
5.870282825539920729e-02 4.376974384525667006e-04 6.654985515881172396e-04
5.969707827587015375e-02 -3.067644168593952614e-04 6.570943348643282092e-04
6.065309085646148485e-02 1.686551790245793825e-03 6.560643639179348889e-04
6.163459517760291884e-02 -7.443135404563427926e-04 6.479890658731988964e-04
6.262459788523130899e-02 -1.051417554551292710e-03 6.451193971602473855e-04
6.359760740974208792e-02 -5.294364482834046370e-04 6.631980542166677648e-04
6.460460689034439041e-02 -8.065638376242301177e-05 6.739097830646000216e-04
6.556911802836820624e-02 4.215324624046168367e-04 6.936492182495554307e-04
6.653362540559019933e-02 -3.554948519101097659e-04 6.842071564341103930e-04
6.752362811321858949e-02 -2.974509691877624817e-05 6.857473536638535256e-04
6.853062759382087810e-02 1.418049975765445225e-05 7.343900542569190741e-04
6.950363711833167091e-02 -2.099988084348636264e-04 6.867846019063257416e-04
7.046814449555366400e-02 -9.664603979888664043e-04 7.167739660677809781e-04
7.144965257749692766e-02 -3.178736661272330011e-04 7.434821059433781559e-04
7.243965511417978231e-02 7.560966966089210928e-04 7.499747059139281547e-04
7.341266104883426014e-02 -2.143418740957470092e-04 7.552837032769512543e-04
7.437717201591255434e-02 -7.713806454555660608e-04 7.724813007823816326e-04
7.539267005394734156e-02 6.024497261769568013e-04 8.001467730166255971e-04
7.634868263453867265e-02 2.281327304798352884e-05 9.024063629844626027e-04
7.735567852528466015e-02 4.407023089711969988e-04 8.849830994606213731e-04
7.832868804979543909e-02 7.275649340046097535e-04 8.758515842721180736e-04
7.930169398444991691e-02 5.457502140902015242e-04 9.306813144286556812e-04
8.027470350896069584e-02 -2.717971184567069542e-04 9.528841800086183421e-04
8.126470604564356437e-02 -4.772338155627497969e-04 9.295332074260472238e-04
8.223771557015434330e-02 2.323120911464915395e-04 9.935412875934537379e-04
8.324471146090033080e-02 -4.372181892028370598e-04 9.190827116330560790e-04
8.420922259892416051e-02 -1.130476395785673382e-03 9.952695200335164808e-04
8.519922530655255066e-02 -3.293738335529150518e-04 1.007389754915741925e-03
8.617223483106332960e-02 2.814857087822808523e-04 1.031831012538053476e-03
8.717073592517866898e-02 -1.858073446437735754e-03 9.937086536240080474e-04
8.812674850577000008e-02 -5.646608844646072711e-04 9.674460705260683364e-04
