5870.10 -0.0089843663 0.0113866820
5870.30 -0.0028527072 0.0113888775
5870.50 0.0079287232 0.0113934040
5870.70 -0.0021421237 0.0113963313
5870.90 -0.0293257025 0.0113953981
5871.10 -0.0278915691 0.0113972082
5871.30 -0.0324712599 0.0113992308
5871.50 -0.0031911326 0.0114018494
5871.70 -0.0128700875 0.0114002406
5871.90 0.0283691480 0.0114016740
5872.10 -0.0004833084 0.0113983783
5872.30 -0.0030111739 0.0113970880
5872.50 0.0178565820 0.0113958953
5872.70 -0.0147926414 0.0113910183
5872.90 0.0102396715 0.0113906546
5873.10 -0.0162493012 0.0113881314
5873.30 -0.0067271225 0.0113889599
5873.50 0.0082149569 0.0113898619
5873.70 0.0068104659 0.0113887505
5873.90 -0.0193077750 0.0113865699
5874.10 0.0099048347 0.0113880103
5874.30 0.0191600082 0.0113888204
5874.50 0.0190446860 0.0113893503
5874.70 -0.0276042939 0.0113852812
5874.90 0.0174131220 0.0113880347
5875.10 -0.0097468954 0.0113871792
5875.30 -0.0064346154 0.0113904961
5875.50 0.0023803708 0.0113957107
5875.70 -0.0128325158 0.0113977853
5875.90 -0.0008397152 0.0114021860
5876.10 -0.0155259793 0.0114072475
5876.30 -0.0068039344 0.0114118084
5876.50 -0.0212493023 0.0114118496
5876.70 0.0105625175 0.0114095162
5876.90 -0.0081347445 0.0114048598
5877.10 -0.0111518200 0.0114022369
5877.30 0.0013903191 0.0114005621
5877.50 -0.0055340315 0.0113974168
5877.70 -0.0090426682 0.0113930921
5877.90 -0.0188996254 0.0113901319
5878.10 0.0135030713 0.0113918724
5878.30 0.0246960795 0.0113924690
5878.50 -0.0139536027 0.0113893091
5878.70 0.0036438464 0.0113901611
5878.90 -0.0019657694 0.0113895384
5879.10 0.0073725282 0.0113921833
5879.30 -0.0126617268 0.0113950111
5879.50 -0.0080607948 0.0114031863
5879.70 -0.0095929171 0.0114114458
5879.90 0.0055512791 0.0114139323
5880.10 0.0049331271 0.0114124592
5880.30 -0.0133845475 0.0114102357
5880.50 -0.0113358372 0.0114106208
5880.70 0.0000017212 0.0114138921
5880.90 -0.0297855884 0.0114156447
5881.10 -0.0224199920 0.0114155816
5881.30 0.0038714117 0.0114153978
5881.50 0.0099085794 0.0114166053
5881.70 -0.0073274717 0.0114224855
5881.90 0.0200458438 0.0114324310
5882.10 -0.0047180820 0.0114322745
5882.30 0.0109977128 0.0114330392
5882.50 0.0149370443 0.0114359174
5882.70 0.0068482342 0.0114428323
5882.90 0.0026088911 0.0114506962
5883.10 0.0057237461 0.0114523355
5883.30 -0.0062106076 0.0114494770
5883.50 -0.0030501102 0.0114480188
5883.70 0.0169911600 0.0114593448
5883.90 -0.0170203859 0.0114706426
5884.10 -0.0226151449 0.0114742566
5884.30 -0.0128733379 0.0114711192
5884.50 -0.0103740459 0.0114663389
5884.70 0.0081283098 0.0114638604
5884.90 0.0073932382 0.0114582293
5885.10 -0.0067873931 0.0114458728
5885.30 -0.0133831661 0.0114344218
5885.50 0.0244383782 0.0114307242
5885.70 0.0174939990 0.0114355806
5885.90 -0.0086188681 0.0114477175
5886.10 -0.0051430703 0.0114599877
5886.30 0.0164466702 0.0114655611
5886.50 0.0176277421 0.0114668919
5886.70 0.0047351832 0.0114629100
5886.90 0.0114523525 0.0114617285
5887.10 -0.0160285931 0.0114606850
5887.30 -0.0201379185 0.0114670589
5887.50 -0.0037639418 0.0114744395
5887.70 0.0079440103 0.0115112365
5887.90 0.0091464536 0.0115588928
5888.10 -0.0046566997 0.0116224408
5888.30 0.0018772393 0.0116940580
5888.50 -0.0158090402 0.0117776644
5888.70 -0.0228477879 0.0118636534
5888.90 0.0040416303 0.0119487507
5889.10 -0.0295060816 0.0120156451
5889.30 -0.0220933285 0.0120790011
5889.50 -0.0095665511 0.0124093712
5889.70 -0.0560253804 0.0125879787
5889.90 -0.1380027714 0.0131878980
5890.10 -0.0769912234 0.0136946650
5890.30 -0.0165229061 0.0136033916
5890.50 -0.0084511320 0.0134281128
5890.70 -0.0170908001 0.0132338119
5890.90 -0.0097380763 0.0128546236
5891.10 0.0078867019 0.0124733290
5891.30 0.0036132879 0.0120846592
5891.50 0.0046928443 0.0117911916
5891.70 0.0015595712 0.0117102198
5891.90 -0.0231121431 0.0116384251
5892.10 0.0016790630 0.0115818750
5892.30 0.0096971940 0.0115476894
5892.50 -0.0028126919 0.0115267193
5892.70 -0.0109413410 0.0115060055
5892.90 -0.0116586897 0.0114943570
5893.10 -0.0050206653 0.0114856020
5893.30 0.0164261021 0.0114867280
5893.50 0.0124538359 0.0114943810
5893.70 -0.0172543336 0.0115162155
5893.90 -0.0051078421 0.0115552515
5894.10 -0.0017899038 0.0116127761
5894.30 -0.0256205102 0.0116804681
5894.50 0.0012103172 0.0117565090
5894.70 -0.0036956736 0.0118335315
5894.90 0.0054755516 0.0119142066
5895.10 -0.0209322864 0.0119785863
5895.30 -0.0224101187 0.0120366835
5895.50 0.0058185925 0.0123446718
5895.70 -0.0380759137 0.0124568516
5895.90 -0.0436363848 0.0130271152
5896.10 -0.0222342559 0.0135245914
5896.30 0.0174359935 0.0134326454
5896.50 -0.0004256283 0.0132644338
5896.70 0.0058393619 0.0130860634
5896.90 0.0034249255 0.0127380593
5897.10 0.0152441644 0.0124363311
5897.30 0.0277951019 0.0120555960
5897.50 0.0134951497 0.0117439683
5897.70 -0.0136299542 0.0116537035
5897.90 0.0022425230 0.0115958406
5898.10 0.0031734203 0.0115592939
5898.30 -0.0202049541 0.0115275039
5898.50 -0.0252756780 0.0115022969
5898.70 -0.0128769056 0.0114929890
5898.90 -0.0120431629 0.0114948555
5899.10 -0.0307066367 0.0114925926
5899.30 -0.0397976582 0.0114776460
5899.50 -0.0193646942 0.0114657736
5899.70 -0.0096349051 0.0114662060
5899.90 -0.0274375295 0.0114932297
5900.10 -0.0417669476 0.0115106964
5900.30 -0.0219201494 0.0115096953
5900.50 -0.0009321492 0.0115017939
5900.70 -0.0122194040 0.0114992204
5900.90 -0.0080825324 0.0115002001
5901.10 0.0098993854 0.0114958961
5901.30 0.0018194802 0.0115052787
5901.50 0.0273540436 0.0115157583
5901.70 0.0059547477 0.0115145586
5901.90 0.0247500091 0.0115166482
5902.10 -0.0007391367 0.0115193550
5902.30 -0.0247975819 0.0115180924
5902.50 0.0050370764 0.0115098751
5902.70 -0.0116025386 0.0114913047
5902.90 -0.0166115858 0.0114749782
5903.10 -0.0062034525 0.0114657546
5903.30 -0.0154390358 0.0114632924
5903.50 0.0071875665 0.0114687569
5903.70 0.0023741079 0.0114723247
5903.90 -0.0020191259 0.0114753302
5904.10 -0.0169503116 0.0114743742
5904.30 -0.0127160632 0.0114742659
5904.50 -0.0412558381 0.0114731661
5904.70 -0.0217497143 0.0114729101
5904.90 -0.0025999007 0.0114725357
5905.10 -0.0036664038 0.0114736866
5905.30 -0.0036618759 0.0114795054
5905.50 0.0134660284 0.0114825877
5905.70 -0.0021313783 0.0114808405
5905.90 -0.0131314921 0.0114779949
5906.10 -0.0188009121 0.0114759855
5906.30 0.0076655541 0.0114738812
5906.50 -0.0272668697 0.0114644771
5906.70 0.0132017862 0.0114597940
5906.90 -0.0141744428 0.0114537710
5907.10 0.0055158520 0.0114562679
5907.30 -0.0183680737 0.0114579230
5907.50 -0.0173467148 0.0114579358
5907.70 0.0006920615 0.0114602910
5907.90 0.0149246081 0.0114655980
5908.10 0.0001486601 0.0114692193
5908.30 -0.0312899277 0.0114699988
5908.50 0.0182575768 0.0114682801
5908.70 -0.0132482812 0.0114655482
5908.90 -0.0029095458 0.0114722109
5909.10 -0.0076423954 0.0114757815
5909.30 -0.0135471993 0.0114694332
5909.50 -0.0197935767 0.0114638466
5909.70 0.0098451253 0.0114602348
5909.90 -0.0029801803 0.0114613608
5910.10 -0.0078287476 0.0114647817
5910.30 -0.0109214074 0.0114688644
5910.50 0.0186544859 0.0114738197
5910.70 0.0069570947 0.0114844248
5910.90 0.0267656686 0.0114908305
5911.10 0.0196507080 0.0114880485
5911.30 -0.0025001541 0.0114794100
5911.50 0.0072874924 0.0114726214
5911.70 0.0024243553 0.0114659987
5911.90 0.0087143652 0.0114648541
5912.10 -0.0157540242 0.0114678968
5912.30 0.0166182498 0.0114766746
5912.50 -0.0148523277 0.0114935678
5912.70 -0.0135768689 0.0115193361
5912.90 -0.0116788724 0.0115480093
5913.10 -0.0204352398 0.0115700744
5913.30 -0.0186561718 0.0115815548
5913.50 -0.0042499268 0.0115882512
5913.70 -0.0238755058 0.0115909400
5913.90 0.0187923995 0.0115979973
5914.10 0.0200554545 0.0116001661
5914.30 -0.0104988129 0.0115983008
5914.50 -0.0171382495 0.0115888793
5914.70 -0.0116316974 0.0115874266
5914.90 -0.0317794917 0.0115859716
5915.10 -0.0130877536 0.0115829136
5915.30 -0.0438244973 0.0115722871
5915.50 -0.0285310512 0.0115641882
5915.70 0.0070942603 0.0115515131
5915.90 0.0076083454 0.0115353940
