5870.10 -0.0174913730 0.0211684706
5870.30 0.0548617322 0.0211822211
5870.50 0.0360780750 0.0211866958
5870.70 0.0416116785 0.0211900463
5870.90 -0.0082265456 0.0211880524
5871.10 -0.0249067603 0.0211917144
5871.30 -0.0051639234 0.0211967423
5871.50 0.0386679427 0.0212013528
5871.70 -0.0350362363 0.0211935092
5871.90 0.0352977693 0.0211976658
5872.10 -0.0356796376 0.0211880683
5872.30 -0.0733759434 0.0211830102
5872.50 0.0438395547 0.0211889518
5872.70 -0.0658413938 0.0211713836
5872.90 0.0167515951 0.0211780978
5873.10 0.0075290110 0.0211738075
5873.30 -0.0049204689 0.0211729713
5873.50 -0.0181803603 0.0211697835
5873.70 -0.0082889078 0.0211673781
5873.90 -0.0738251974 0.0211591599
5874.10 0.0544882964 0.0211721752
5874.30 0.0467052219 0.0211711502
5874.50 0.0781252356 0.0211755183
5874.70 -0.0198242385 0.0211608383
5874.90 0.0245806652 0.0211662584
5875.10 -0.0485163366 0.0211589359
5875.30 0.0001159075 0.0211686651
5875.50 -0.0264159439 0.0211701292
5875.70 -0.0445840552 0.0211689165
5875.90 -0.0057817006 0.0211818959
5876.10 -0.0119110203 0.0211868513
5876.30 0.0159792039 0.0211941023
5876.50 -0.0416807563 0.0211854632
5876.70 -0.0094448463 0.0211869642
5876.90 -0.0216514271 0.0211830498
5877.10 0.0116260212 0.0211883362
5877.30 -0.0350536865 0.0211779173
5877.50 0.0140689125 0.0211765903
5877.70 -0.0080637249 0.0211685726
5877.90 -0.0073085740 0.0211687959
5878.10 0.0129158592 0.0211736951
5878.30 0.0193255344 0.0211730340
5878.50 -0.0511592468 0.0211641984
5878.70 -0.0240269021 0.0211686377
5878.90 -0.0219595573 0.0211697233
5879.10 0.0008343744 0.0211759203
5879.30 0.0018273315 0.0211796195
5879.50 -0.0106939860 0.0211876653
5879.70 -0.0376968489 0.0211846306
5879.90 -0.0566062058 0.0211801070
5880.10 -0.0778617996 0.0211761712
5880.30 -0.0223700752 0.0211838305
5880.50 0.0302117199 0.0211901788
5880.70 0.0070205458 0.0211942383
5880.90 -0.0436175830 0.0211833945
5881.10 -0.0381331196 0.0211768059
5881.30 0.0033701016 0.0211837462
5881.50 0.0031154655 0.0211891447
5881.70 -0.0556807609 0.0211972411
5881.90 0.0091794591 0.0212080152
5882.10 -0.0053259482 0.0212027364
5882.30 0.0153391652 0.0212086151
5882.50 0.0393207471 0.0212198323
5882.70 0.0015380372 0.0212298060
5882.90 0.0178582217 0.0212429642
5883.10 0.0416412645 0.0212413041
5883.30 -0.0281319592 0.0212340760
5883.50 0.0234868879 0.0212472167
5883.70 0.0502459261 0.0212740214
5883.90 0.0013511205 0.0212716184
5884.10 -0.0434330060 0.0212657401
5884.30 0.0001923645 0.0212666293
5884.50 -0.0201864068 0.0212679394
5884.70 0.0356493889 0.0212746804
5884.90 0.0269499504 0.0212706728
5885.10 -0.0254689170 0.0212460073
5885.30 0.0021064136 0.0212345395
5885.50 0.0265241739 0.0212321056
5885.70 0.0203646149 0.0212408059
5885.90 -0.0028533715 0.0212429373
5886.10 -0.0086086605 0.0212432687
5886.30 0.0174816546 0.0212419782
5886.50 0.0214595436 0.0212464395
5886.70 0.0167038155 0.0212407781
5886.90 0.0239493895 0.0212420951
5887.10 -0.0298173681 0.0212481192
5887.30 -0.0571555365 0.0212204486
5887.50 0.0261989966 0.0212631818
5887.70 0.0365076783 0.0213109489
5887.90 -0.0130863132 0.0213868924
5888.10 0.0508453619 0.0215116243
5888.30 -0.0039060786 0.0216424714
5888.50 -0.0046863365 0.0217923858
5888.70 0.0154246919 0.0219668277
5888.90 0.0017791056 0.0221244628
5889.10 0.0168891214 0.0222714822
5889.30 0.0284033713 0.0224106071
5889.50 -0.0194461964 0.0230589626
5889.70 -0.0525611849 0.0230516467
5889.90 -0.1132667225 0.0231162311
5890.10 -0.0526226504 0.0231666452
5890.30 0.0168592166 0.0231752901
5890.50 -0.0150719392 0.0231476460
5890.70 0.0277681476 0.0230247179
5890.90 0.0385498275 0.0225586513
5891.10 0.0428731206 0.0221983110
5891.30 0.0677385584 0.0220384276
5891.50 0.0122598196 0.0218937422
5891.70 0.0099993716 0.0217309879
5891.90 -0.0242428519 0.0215880450
5892.10 0.0056281706 0.0214853898
5892.30 0.0253890688 0.0214108249
5892.50 0.0326851172 0.0213510891
5892.70 -0.0278305764 0.0213135733
5892.90 -0.0604029399 0.0212923967
5893.10 0.0011196927 0.0212857371
5893.30 0.0081949967 0.0212990407
5893.50 0.0304160631 0.0213171289
5893.70 -0.0376535048 0.0213393012
5893.90 -0.0391567792 0.0214188963
5894.10 0.0299906850 0.0215318669
5894.30 -0.0286660363 0.0216383464
5894.50 -0.0041364011 0.0217788158
5894.70 -0.0027193033 0.0219314024
5894.90 0.0061505093 0.0220831774
5895.10 0.0345407916 0.0222131255
5895.30 -0.0396010259 0.0223262307
5895.50 0.0504214553 0.0229180581
5895.70 -0.0105044391 0.0228590459
5895.90 0.0200213828 0.0228823631
5896.10 0.0115571291 0.0229426449
5896.30 0.0413566182 0.0229330594
5896.50 0.0084825588 0.0229070392
5896.70 0.0439009390 0.0227991136
5896.90 0.0035509900 0.0223265009
5897.10 0.0137288912 0.0220699001
5897.30 0.0262082580 0.0219379067
5897.50 0.0298785303 0.0217919542
5897.70 -0.0002399920 0.0216479350
5897.90 0.0199434781 0.0215426226
5898.10 -0.0374209257 0.0214296529
5898.30 -0.0281000581 0.0213486327
5898.50 -0.0150031632 0.0213020404
5898.70 -0.0061647883 0.0212946518
5898.90 -0.0214029451 0.0212970456
5899.10 -0.0047229132 0.0212878468
5899.30 -0.0606354277 0.0212673643
5899.50 0.0209937798 0.0212504853
5899.70 -0.0526823260 0.0212654974
5899.90 -0.0282497803 0.0213022588
5900.10 -0.0326157286 0.0212881822
5900.30 -0.0303309076 0.0212784893
5900.50 0.0041787575 0.0212894939
5900.70 -0.0086879263 0.0212971496
5900.90 -0.0188696062 0.0213054824
5901.10 0.0217016466 0.0213108634
5901.30 0.0216924759 0.0213193498
5901.50 0.0198132290 0.0213039135
5901.70 0.0167945699 0.0213016837
5901.90 0.0438003128 0.0213238147
5902.10 0.0090559736 0.0213237808
5902.30 -0.0329097708 0.0213198933
5902.50 0.0223872695 0.0213203171
5902.70 -0.0323237014 0.0212784670
5902.90 -0.0335270749 0.0212629201
5903.10 -0.0349050756 0.0212611266
5903.30 -0.0554459845 0.0212590516
5903.50 0.0087522580 0.0212631166
5903.70 -0.0123278586 0.0212639903
5903.90 -0.0236053149 0.0212624326
5904.10 -0.0353221970 0.0212650074
5904.30 -0.0197282567 0.0212694356
5904.50 -0.0426448074 0.0212725983
5904.70 -0.0336199680 0.0212757004
5904.90 -0.0162424889 0.0212731276
5905.10 -0.0398435722 0.0212766835
5905.30 0.0109141357 0.0212814458
5905.50 -0.0009340243 0.0212804904
5905.70 -0.0309163630 0.0212803324
5905.90 0.0143066344 0.0212852278
5906.10 0.0157807076 0.0212849751
5906.30 0.0002548388 0.0212790332
5906.50 -0.0299631933 0.0212633033
5906.70 0.0007310469 0.0212581736
5906.90 0.0344570742 0.0212543279
5907.10 0.0330632212 0.0212539360
5907.30 -0.0595687649 0.0212381774
5907.50 -0.0555733390 0.0212272165
5907.70 -0.0157832186 0.0212343374
5907.90 0.0074232293 0.0212365107
5908.10 -0.0171738208 0.0212345309
5908.30 -0.0927788486 0.0212247479
5908.50 0.0140885934 0.0212307327
5908.70 -0.0106169049 0.0212323583
5908.90 0.0304293798 0.0212495604
5909.10 0.0011535332 0.0212324871
5909.30 -0.0099800231 0.0212263934
5909.50 -0.0521045190 0.0212123009
5909.70 0.0208348891 0.0212157795
5909.90 0.0115424223 0.0212213876
5910.10 -0.0085061734 0.0212249027
5910.30 -0.0035834605 0.0212098672
5910.50 0.0365276441 0.0212277945
5910.70 0.0267568206 0.0212302314
5910.90 0.0410880712 0.0212287911
5911.10 0.0427233776 0.0212283360
5911.30 -0.0030265171 0.0212171286
5911.50 -0.0204273927 0.0212025129
5911.70 0.0339100198 0.0212065890
5911.90 -0.0061548133 0.0211984798
5912.10 -0.0422899884 0.0211949085
5912.30 0.0131476941 0.0212203582
5912.50 -0.0242777027 0.0212497887
5912.70 -0.0261952841 0.0212862037
5912.90 0.0203579512 0.0213328563
5913.10 -0.0362050633 0.0213537622
5913.30 -0.0107240552 0.0213787228
5913.50 0.0407876330 0.0214067704
5913.70 0.0175231475 0.0214167633
5913.90 0.0437640456 0.0214282954
5914.10 0.0702421585 0.0214363262
5914.30 -0.0073325695 0.0214115524
5914.50 -0.0207834676 0.0213993354
5914.70 -0.0195469069 0.0214046108
5914.90 -0.0346259267 0.0213893189
5915.10 -0.0291426483 0.0213760228
5915.30 -0.0556861376 0.0213624620
5915.50 -0.0474956974 0.0213272389
5915.70 0.0254486574 0.0213055078
5915.90 -0.0481590303 0.0212713224
