5870.10 0.0053153956 0.0285077135
5870.30 0.0188544759 0.0285212090
5870.50 0.0235216657 0.0285334277
5870.70 0.0086464436 0.0285304120
5870.90 -0.0155312841 0.0285293531
5871.10 -0.0499380638 0.0285285962
5871.30 -0.0694915342 0.0285249828
5871.50 -0.0184714097 0.0285365939
5871.70 0.0118559688 0.0285384332
5871.90 0.0494761597 0.0285394198
5872.10 0.0081346216 0.0285346081
5872.30 0.0074364992 0.0285286787
5872.50 0.0219163644 0.0285262578
5872.70 0.0694304615 0.0285331249
5872.90 -0.0189098367 0.0285186151
5873.10 -0.0098242378 0.0285177760
5873.30 0.0094910352 0.0285214537
5873.50 0.0276228918 0.0285199917
5873.70 -0.0075458932 0.0285154855
5873.90 0.0143095605 0.0285153854
5874.10 0.0123446910 0.0285127020
5874.30 -0.0244333275 0.0285089012
5874.50 -0.0294897199 0.0285096363
5874.70 -0.0152904767 0.0285090632
5874.90 -0.0137693041 0.0285162348
5875.10 0.0128298870 0.0285232316
5875.30 -0.0042383731 0.0285374756
5875.50 -0.0394238182 0.0285364020
5875.70 -0.0471375819 0.0285388318
5875.90 -0.0472982485 0.0285599110
5876.10 -0.0019298231 0.0285751311
5876.30 -0.0163771932 0.0285782499
5876.50 -0.0449087018 0.0285637335
5876.70 -0.0302359736 0.0285530671
5876.90 0.0010328115 0.0285519687
5877.10 -0.0142546135 0.0285542751
5877.30 0.0355552934 0.0285516717
5877.50 -0.0489128917 0.0285260353
5877.70 -0.0352949915 0.0285140778
5877.90 -0.0229751830 0.0285145267
5878.10 0.0634735365 0.0285300136
5878.30 -0.0140551255 0.0285198956
5878.50 -0.0025978434 0.0285195384
5878.70 -0.0287728211 0.0285146196
5878.90 0.0224764888 0.0285280736
5879.10 0.0419873984 0.0285381947
5879.30 -0.0238338137 0.0285518657
5879.50 0.0033583491 0.0285826881
5879.70 0.0246363417 0.0285779011
5879.90 -0.0165315785 0.0285723709
5880.10 0.0210303294 0.0285719614
5880.30 -0.0728071606 0.0285618705
5880.50 -0.0532963761 0.0285793737
5880.70 0.0124349230 0.0286049635
5880.90 -0.0769086813 0.0285768337
5881.10 -0.0344507829 0.0285782735
5881.30 -0.0524235494 0.0285718815
5881.50 -0.0290001994 0.0285891741
5881.70 0.0171250508 0.0286294329
5881.90 -0.0004019773 0.0286243730
5882.10 -0.0228793760 0.0286163553
5882.30 0.0189300309 0.0286217782
5882.50 -0.0468655317 0.0286324003
5882.70 0.0464551870 0.0286760114
5882.90 -0.0192006543 0.0286730758
5883.10 -0.0497351948 0.0286526913
5883.30 0.0060695999 0.0286606743
5883.50 -0.0378837733 0.0286735997
5883.70 0.0094432370 0.0287368839
5883.90 0.0043103404 0.0287309543
5884.10 -0.0555379363 0.0287165284
5884.30 -0.0391318477 0.0287054867
5884.50 -0.0020148552 0.0287082907
5884.70 -0.0035993321 0.0287086938
5884.90 -0.0224290669 0.0286976909
5885.10 0.0475784958 0.0286598076
5885.30 -0.0002828871 0.0286471847
5885.50 0.0132618398 0.0286429836
5885.70 0.0302270406 0.0287057521
5885.90 -0.0297116442 0.0286943702
5886.10 0.0309532703 0.0287221582
5886.30 0.0163386234 0.0287143755
5886.50 0.0204351135 0.0287121492
5886.70 0.0429543019 0.0287046529
5886.90 0.0290314762 0.0287358763
5887.10 -0.0015016940 0.0287217766
5887.30 -0.0031019394 0.0287089263
5887.50 -0.0184709211 0.0287468117
5887.70 0.0212722637 0.0287870659
5887.90 -0.0035163657 0.0288957177
5888.10 0.0004890328 0.0290511710
5888.30 0.0168744694 0.0292301524
5888.50 0.0203408577 0.0294428757
5888.70 -0.0324771649 0.0296519582
5888.90 0.0491378805 0.0298636336
5889.10 -0.0246837159 0.0300462807
5889.30 -0.0100559437 0.0302524908
5889.50 -0.0106733702 0.0310382598
5889.70 -0.1108182571 0.0312598817
5889.90 -0.1544103882 0.0314014828
5890.10 -0.0514851027 0.0313546506
5890.30 0.0204574394 0.0312319375
5890.50 0.0437653802 0.0312385059
5890.70 -0.0033063139 0.0311008225
5890.90 -0.0317125648 0.0304746906
5891.10 0.0312742624 0.0299751453
5891.30 -0.0501768432 0.0297574069
5891.50 -0.0108884239 0.0295884042
5891.70 0.0244377633 0.0293626813
5891.90 -0.0342461785 0.0291721411
5892.10 0.0110914658 0.0290631098
5892.30 0.0392382264 0.0289545952
5892.50 0.0125492302 0.0288683494
5892.70 -0.0133754102 0.0288198752
5892.90 0.0324326019 0.0287725789
5893.10 -0.0219693465 0.0287598061
5893.30 0.0157575497 0.0287984287
5893.50 0.0158851322 0.0287801800
5893.70 0.0268135865 0.0288178759
5893.90 0.0336317641 0.0289205161
5894.10 0.0336587134 0.0290697050
5894.30 0.0626969004 0.0292282899
5894.50 0.0215210409 0.0294045407
5894.70 0.0184059304 0.0296059570
5894.90 0.0098167425 0.0298118438
5895.10 -0.0151183887 0.0299753294
5895.30 0.0231679109 0.0301188888
5895.50 0.0283019407 0.0308416120
5895.70 -0.0576389409 0.0308866831
5895.90 -0.0596641786 0.0310147602
5896.10 0.0201719632 0.0309704431
5896.30 0.0299451555 0.0308775670
5896.50 0.0394265600 0.0308869858
5896.70 0.0040365292 0.0308054723
5896.90 0.0151339798 0.0301705006
5897.10 0.0074990467 0.0298095610
5897.30 0.0838446970 0.0296402495
5897.50 0.0037361222 0.0294270690
5897.70 -0.0043481006 0.0292280371
5897.90 -0.0034300295 0.0291402664
5898.10 0.0302763711 0.0289915739
5898.30 -0.0312781449 0.0288680598
5898.50 -0.0936202964 0.0287910732
5898.70 -0.0210548051 0.0287958178
5898.90 0.0285822108 0.0288120402
5899.10 -0.0190762668 0.0287855995
5899.30 -0.0270374307 0.0287271686
5899.50 -0.0686498831 0.0286912679
5899.70 0.0099073922 0.0288093193
5899.90 -0.0327053198 0.0288440340
5900.10 -0.0350203117 0.0288080453
5900.30 0.0024372365 0.0287899227
5900.50 0.0089195456 0.0287769996
5900.70 -0.0357395821 0.0287971751
5900.90 0.0452055621 0.0288254825
5901.10 0.0198750877 0.0288352897
5901.30 -0.0231507108 0.0288475621
5901.50 -0.0547225732 0.0288084595
5901.70 -0.0037758267 0.0288219727
5901.90 0.0328152825 0.0288556231
5902.10 -0.0353758981 0.0288464216
5902.30 0.0190863908 0.0288624233
5902.50 0.0006564179 0.0288299906
5902.70 0.0205833451 0.0287509912
5902.90 0.0047097286 0.0287445804
5903.10 0.0248992661 0.0287489416
5903.30 0.0326685192 0.0287580448
5903.50 -0.0257662466 0.0287518173
5903.70 0.0082581435 0.0287675408
5903.90 0.0297570589 0.0287644144
5904.10 -0.0592943011 0.0287475693
5904.30 -0.0112820008 0.0287600700
5904.50 -0.0775445305 0.0287586625
5904.70 -0.0950125484 0.0287448791
5904.90 0.0247376335 0.0287661920
5905.10 -0.0260955934 0.0287670081
5905.30 -0.0740705076 0.0287594145
5905.50 -0.0005142079 0.0287712967
5905.70 -0.0763870220 0.0287538095
5905.90 -0.0956066022 0.0287510176
5906.10 -0.0667131598 0.0287560031
5906.30 0.0761984717 0.0287617632
5906.50 0.0089074795 0.0287295448
5906.70 -0.0379535696 0.0287149679
5906.90 0.0197436880 0.0287245308
5907.10 -0.0252477595 0.0287369468
5907.30 -0.0241516790 0.0287306309
5907.50 -0.0631670900 0.0287242284
5907.70 -0.0151804662 0.0287398547
5907.90 0.0268831294 0.0287562196
5908.10 -0.0375664660 0.0287532580
5908.30 -0.0679037913 0.0287318217
5908.50 0.0034558856 0.0287241397
5908.70 -0.0652461696 0.0287482257
5908.90 -0.0041813868 0.0287685592
5909.10 -0.0668466820 0.0287376775
5909.30 -0.0498676577 0.0287308759
5909.50 -0.0035424493 0.0287155034
5909.70 -0.0008431548 0.0287262463
5909.90 0.0064396536 0.0287607687
5910.10 -0.0041969126 0.0287609080
5910.30 0.0551255620 0.0287587424
5910.50 0.0487493333 0.0288075135
5910.70 0.0062686762 0.0287970977
5910.90 0.0331742771 0.0288013455
5911.10 -0.0008031695 0.0287942058
5911.30 -0.0259383079 0.0287718681
5911.50 -0.0433152252 0.0287510731
5911.70 0.0166238599 0.0287625364
5911.90 0.0328705365 0.0287449936
5912.10 0.0011003943 0.0287449579
5912.30 0.0062021494 0.0287878381
5912.50 -0.0506411900 0.0288303794
5912.70 -0.0030670682 0.0289209018
5912.90 -0.0112664822 0.0289766057
5913.10 -0.0157446472 0.0290042036
5913.30 -0.0356819810 0.0290305616
5913.50 -0.0587488085 0.0290524474
5913.70 -0.0767576328 0.0290687618
5913.90 -0.0057460967 0.0291104194
5914.10 -0.0011073094 0.0291034142
5914.30 0.0243935530 0.0290846646
5914.50 -0.0046719226 0.0290773689
5914.70 -0.0287652589 0.0290961425
5914.90 0.0419373058 0.0290913813
5915.10 0.0108014189 0.0290938445
5915.30 -0.0412268811 0.0290763487
5915.50 -0.0011321347 0.0290331108
5915.70 0.0456711417 0.0290018058
5915.90 0.0529482039 0.0289608874
