-2.656479618836513415e-02 -2.090079190758986627e-03 2.722303623935024008e-03
-2.271875244767255705e-02 3.104233224981989281e-03 2.699433276684919548e-03
-2.054764467433830427e-02 1.511039771082689498e-03 3.295374915810190056e-03
-1.832913557061707430e-02 -5.946186566958777675e-03 3.281108103631596388e-03
-1.621491898061311679e-02 -1.146049683004657371e-02 4.255589383537417697e-03
-1.404381603885585493e-02 -8.441411328520831425e-03 3.394460270239269082e-03
-1.234675310178857954e-02 -1.860876839082425960e-03 3.684291811588054702e-03
-9.954431321646972641e-03 5.373876381215669795e-03 4.759349982262584162e-03
-8.162561400815802892e-03 -9.237462674626772952e-03 3.729543693708049432e-03
-6.184234185139613968e-03 -7.462151014199225330e-03 3.331088578860614234e-03
-4.205906842316661440e-03 4.769703708997763414e-03 3.753978225742981428e-03
-2.132772642876577720e-03 -4.387809021330624226e-03 3.449044944676572712e-03
-2.081698932536468771e-04 -8.655522936551696134e-03 3.261679289387513052e-03
1.675347795723390164e-03 -8.935313179090464963e-03 3.809690869582469525e-03
3.922297341665870879e-03 -1.120007980239756673e-02 4.008557671103336363e-03
5.714167262497040628e-03 -6.585906973049060475e-03 4.090163370771706698e-03
7.844187686543668131e-03 -1.005144482969000386e-02 3.970087303986047887e-03
9.825674117837883068e-03 -4.561362509775679364e-03 4.066884122045548791e-03
1.184192476275344394e-02 -9.490917042850322005e-03 4.073038921703527049e-03
1.387397377440087280e-02 -9.701128440849915435e-04 3.701680875535419499e-03
1.575749413345993097e-02 6.312398158030418927e-04 3.787677221241755963e-03
1.786855163499262086e-02 -7.648343508051880235e-03 3.613047170700242443e-03
1.978683341044424129e-02 -2.710631098273186268e-03 3.889867739981609385e-03
2.169563232602450195e-02 -3.661624956052822455e-03 3.643010496327795614e-03
2.402790866594153862e-02 6.181905199247550442e-03 4.550156978154470261e-03
2.593038927743251607e-02 -1.134194546606903664e-03 4.402509322945431444e-03
2.810465143480780220e-02 -1.756154228403694617e-03 3.980353049423494653e-03
3.002925418443072939e-02 -1.396230162815204068e-03 3.490607990004420628e-03
3.191277187340776922e-02 -9.691983925852465376e-04 3.429732427960268358e-03
