5870.10 -0.5879971683 0.1854511225
5870.30 -0.2856875353 0.1857639265
5870.50 -0.1800441826 0.1858910955
5870.70 -0.0558933830 0.1860897288
5870.90 -0.4654723746 0.1857318757
5871.10 -0.1030791698 0.1860821897
5871.30 -0.0322997994 0.1861280024
5871.50 0.1417522542 0.1863267895
5871.70 -0.0673219328 0.1860683950
5871.90 0.1281582984 0.1861748774
5872.10 -0.3287517261 0.1854273980
5872.30 -0.0587863641 0.1855378800
5872.50 -0.6156048084 0.1850409104
5872.70 0.0357055804 0.1860006495
5872.90 -0.2558508074 0.1861032974
5873.10 -0.0388343383 0.1868876699
5873.30 -0.1122986603 0.1870421244
5873.50 0.1833161093 0.1873166416
5873.70 -0.0641521816 0.1868096856
5873.90 -0.0137845025 0.1864651426
5874.10 -0.0551339205 0.1861709647
5874.30 0.0260306521 0.1862581118
5874.50 0.5296114014 0.1866134295
5874.70 0.0920772911 0.1860957591
5874.90 -0.0069950874 0.1860353207
5875.10 -0.1927684117 0.1862457013
5875.30 -0.0695286822 0.1869653336
5875.50 -0.0123384432 0.1874068654
5875.70 0.2884192133 0.1880399281
5875.90 -0.0703370634 0.1874313482
5876.10 -0.0299513735 0.1873004932
5876.30 -0.5432778668 0.1862414687
5876.50 -0.5880906941 0.1858022853
5876.70 -0.1969314066 0.1859332861
5876.90 -0.2417772877 0.1857583705
5877.10 -0.0415232692 0.1862636025
5877.30 0.3558614337 0.1869045412
5877.50 0.4346465145 0.1873946702
5877.70 0.2366684573 0.1873865017
5877.90 -0.2397653696 0.1867312564
5878.10 -0.0236694917 0.1867440776
5878.30 -0.2829924670 0.1860990073
5878.50 -0.0953371381 0.1860641400
5878.70 -0.0756594374 0.1860966320
5878.90 -0.0289404137 0.1863243561
5879.10 -0.0346938109 0.1866080843
5879.30 -0.3691648566 0.1867827025
5879.50 0.2454710045 0.1877986223
5879.70 -0.0706674781 0.1877431379
5879.90 -0.1067908451 0.1877017843
5880.10 0.0305596638 0.1875951733
5880.30 -0.2031074479 0.1869678036
5880.50 -0.1552500832 0.1867766088
5880.70 -0.3464846199 0.1866069965
5880.90 -0.2939793371 0.1869140086
5881.10 -0.0296394601 0.1875122322
5881.30 -0.2500402756 0.1871972996
5881.50 0.0440602100 0.1873630010
5881.70 -0.1468196968 0.1868953188
5881.90 -0.1190316914 0.1867591701
5882.10 0.3877055594 0.1872570862
5882.30 0.3623052557 0.1871518167
5882.50 0.4333135075 0.1872194170
5882.70 -0.2559980307 0.1863762862
5882.90 -0.3114227803 0.1863629788
5883.10 -0.2563285130 0.1866639691
5883.30 -0.2347125592 0.1877302734
5883.50 0.0459884784 0.1901113464
5883.70 -0.5255781844 0.1911493516
5883.90 -0.3346099405 0.1917155358
5884.10 -0.2618509126 0.1902775830
5884.30 -0.8506345978 0.1874426082
5884.50 0.1063544125 0.1869508230
5884.70 -0.2152367457 0.1862831977
5884.90 0.1118285585 0.1868529397
5885.10 -0.1941484434 0.1867361375
5885.30 -0.0644936319 0.1870816439
5885.50 0.0052495544 0.1872740230
5885.70 -0.2820063097 0.1870719035
5885.90 -0.4053614342 0.1870194376
5886.10 -0.1323311635 0.1872402820
5886.30 -0.0048587724 0.1873551891
5886.50 0.1163077669 0.1871459188
5886.70 0.1284109556 0.1871680308
5886.90 -0.2842558990 0.1867945523
5887.10 -0.3522984133 0.1866887540
5887.30 -0.0475971191 0.1873951336
5887.50 -0.6498048263 0.1866170992
5887.70 0.0900137757 0.1871825414
5887.90 0.2038606354 0.1871615872
5888.10 -0.7125462754 0.1858309919
5888.30 -0.1279134396 0.1867342781
5888.50 -0.4488086193 0.1866103304
5888.70 -0.2922224275 0.1872979336
5888.90 -0.5624160658 0.1874118043
5889.10 -0.3237433289 0.1887709333
5889.30 -0.0091539389 0.1938761451
5889.50 -0.3826653580 0.2047367328
5889.70 -0.5332360642 0.2220508110
5889.90 -0.8595058943 0.2380875117
5890.10 -1.2191139630 0.2415720523
5890.30 -0.2821088703 0.2264048799
5890.50 -0.2935248073 0.2078655325
5890.70 -0.0899256399 0.1964541721
5890.90 0.3336105898 0.1903773709
5891.10 0.0153576487 0.1895374461
5891.30 0.1668591148 0.1899004595
5891.50 -0.2040462914 0.1889273902
5891.70 -0.3726336518 0.1881924175
5891.90 -0.0481212146 0.1880527059
5892.10 -0.1131035202 0.1880711138
5892.30 0.5109053766 0.1900574320
5892.50 -0.0191273447 0.1911924993
5892.70 -0.0218451671 0.1928513554
5892.90 -0.0526376563 0.1928620738
5893.10 0.1354146032 0.1919025142
5893.30 -0.0051511588 0.1895859446
5893.50 -0.0589678220 0.1877024603
5893.70 -0.3443617553 0.1866787748
5893.90 -0.3539031102 0.1865797578
5894.10 0.2299287516 0.1874069771
5894.30 -0.3808910876 0.1869560622
5894.50 0.2177999720 0.1878525764
5894.70 0.3222883120 0.1883910130
5894.90 0.6731849885 0.1892196483
5895.10 0.6421916887 0.1900311484
5895.30 0.0676621600 0.1933574921
5895.50 -0.4695287115 0.2025603127
5895.70 -0.7885942956 0.2166510320
5895.90 -0.5250379846 0.2296829205
5896.10 -0.5286716458 0.2299161260
5896.30 -0.1289518123 0.2163423164
5896.50 0.1295888476 0.2025141380
5896.70 -0.1182860976 0.1934657158
5896.90 -0.1190698151 0.1893246628
5897.10 -0.1884017361 0.1890784078
5897.30 -0.3321837206 0.1886629228
5897.50 0.2648255195 0.1892709836
5897.70 -0.1693911963 0.1889419626
5897.90 0.0495343785 0.1891758225
5898.10 0.1819521914 0.1892659646
5898.30 -0.0604479668 0.1887128381
5898.50 -0.1815511437 0.1881314751
5898.70 0.1593268677 0.1883794674
5898.90 0.0388343258 0.1885072441
5899.10 0.0518854669 0.1890585497
5899.30 -0.2112756534 0.1895564358
5899.50 0.2367142478 0.1906475302
5899.70 0.8972778337 0.1918338035
5899.90 0.4960574354 0.1910751486
5900.10 0.4454967162 0.1901108267
5900.30 0.4381833034 0.1889511670
5900.50 -0.5526514133 0.1868186049
5900.70 -0.3458806846 0.1867470333
5900.90 -0.1287048142 0.1873164924
5901.10 -0.4585498539 0.1877747275
5901.30 0.1997960971 0.1887366941
5901.50 -0.2735614059 0.1882668266
5901.70 -0.4787383989 0.1877451065
5901.90 -0.1306197097 0.1876628105
5902.10 0.2149139729 0.1882233291
5902.30 0.0752926754 0.1883394800
5902.50 0.0520701802 0.1884824448
5902.70 0.1919401508 0.1884815983
5902.90 -0.2348472449 0.1876386933
5903.10 0.3574834932 0.1881206584
5903.30 0.4055378375 0.1881708064
5903.50 0.0818324488 0.1879144643
5903.70 0.2536747398 0.1882213811
5903.90 0.0652255993 0.1877891191
5904.10 0.0683371976 0.1876328446
5904.30 0.1401301608 0.1877270353
5904.50 -0.2845992649 0.1870232011
5904.70 -0.6025508329 0.1864538294
5904.90 -0.8010405592 0.1862678948
5905.10 -0.4298295047 0.1876684347
5905.30 -0.8452247615 0.1891606339
5905.50 -0.0929645129 0.1919153520
5905.70 -0.3869400991 0.1920769101
5905.90 -0.1347512772 0.1911700568
5906.10 -0.4686426078 0.1889480405
5906.30 -0.0514381742 0.1880138868
5906.50 -0.5316975297 0.1871708712
5906.70 -0.9337493380 0.1870995614
5906.90 -0.3212344558 0.1878532442
5907.10 0.0549531080 0.1882632868
5907.30 -0.4209465542 0.1874164058
5907.50 0.0045970931 0.1876367449
5907.70 -0.1816798006 0.1873260748
5907.90 -0.3674828063 0.1871225770
5908.10 -0.2249783282 0.1872693678
5908.30 -0.4201147570 0.1868387328
5908.50 0.1306039766 0.1874592422
5908.70 0.3474759385 0.1876809650
5908.90 -0.3210342084 0.1869080652
5909.10 -0.5578746826 0.1865213330
5909.30 -0.6539705322 0.1863737692
5909.50 -0.3673627812 0.1868692843
5909.70 -0.1427420174 0.1879598977
5909.90 -0.2629773339 0.1886275139
5910.10 -0.2611383078 0.1888105325
5910.30 -0.1076559755 0.1887026885
5910.50 -0.2183652964 0.1878725056
5910.70 -0.2618433033 0.1871108399
5910.90 -0.3296340678 0.1866296650
5911.10 -0.5167949742 0.1862238389
5911.30 -0.1625034099 0.1865810615
5911.50 -0.4008551949 0.1864456190
5911.70 -0.1362144252 0.1867502168
5911.90 -0.2942119903 0.1865451851
5912.10 -0.4613214043 0.1862406485
5912.30 -0.3209244795 0.1865911254
5912.50 -0.4829953530 0.1864057953
5912.70 -0.5131615552 0.1866106900
5912.90 -0.0393721798 0.1871828601
5913.10 -0.2590746832 0.1867496568
5913.30 -0.3101729333 0.1868137373
5913.50 -0.4617412894 0.1877693739
5913.70 0.0777233375 0.1920519532
5913.90 0.2416448277 0.1974129235
5914.10 0.0135357942 0.2009200460
5914.30 0.1808903079 0.2004867372
5914.50 -0.0604652373 0.1958302691
5914.70 -0.3804345894 0.1905525969
5914.90 -0.2505694923 0.1877342280
5915.10 -0.1248106887 0.1872819562
5915.30 0.2203189648 0.1878718682
5915.50 0.8103895869 0.1888502523
5915.70 0.0513744946 0.1886854129
5915.90 0.0690154115 0.1894467925
