5870.10 -0.3809919152 0.3064337737
5870.30 0.1537024217 0.3066368897
5870.50 -0.3549484091 0.3058206071
5870.70 -0.4493447453 0.3054662320
5870.90 -0.3234441129 0.3054530868
5871.10 0.2644976447 0.3071101387
5871.30 -0.2400975147 0.3069259106
5871.50 0.2808492541 0.3075281655
5871.70 -0.4699581276 0.3051385339
5871.90 -0.8877368142 0.3041960997
5872.10 -0.8296713944 0.3048484179
5872.30 0.0080317708 0.3051839578
5872.50 -0.3179092293 0.3048279527
5872.70 -0.2912489712 0.3057015696
5872.90 -0.0393674411 0.3087003745
5873.10 0.3741266197 0.3132499802
5873.30 0.2440151615 0.3132160359
5873.50 0.7731384223 0.3106237303
5873.70 0.3274429862 0.3082348791
5873.90 -0.3519262725 0.3074381506
5874.10 -0.4171013945 0.3053400584
5874.30 -0.5375221955 0.3041268691
5874.50 0.1063096158 0.3055294162
5874.70 0.0024382621 0.3060160421
5874.90 -0.4504656047 0.3055911464
5875.10 0.0401590853 0.3066788553
5875.30 -0.0390089071 0.3068704389
5875.50 -0.1052046476 0.3073638618
5875.70 -0.3477328856 0.3069171038
5875.90 -0.2779874725 0.3064782129
5876.10 0.3626908283 0.3075101452
5876.30 -0.3026917214 0.3074528076
5876.50 0.0903411559 0.3083586152
5876.70 0.6930839822 0.3079559542
5876.90 0.0600934795 0.3059207195
5877.10 -0.3293274504 0.3048692757
5877.30 -0.3521955745 0.3050520114
5877.50 -0.5330383399 0.3065936840
5877.70 0.8434522725 0.3118494668
5877.90 0.2999398795 0.3126904704
5878.10 0.7537451322 0.3097872629
5878.30 0.3837949110 0.3070844180
5878.50 -0.1996889957 0.3056858616
5878.70 0.2335456164 0.3072309492
5878.90 -0.8160836593 0.3066088406
5879.10 -0.2829544689 0.3082466289
5879.30 -0.0048005607 0.3090784027
5879.50 -0.2930112031 0.3085138430
5879.70 0.1634909821 0.3101746994
5879.90 -0.8860381106 0.3089567412
5880.10 0.2692492727 0.3147731271
5880.30 -0.2807338027 0.3133097776
5880.50 -0.5885269467 0.3097233963
5880.70 0.1983993271 0.3067397499
5880.90 0.5410299043 0.3078256194
5881.10 0.1818591153 0.3111056369
5881.30 -0.1459128679 0.3127944131
5881.50 -0.0340126228 0.3120652156
5881.70 0.2827685412 0.3078645031
5881.90 -0.2065547922 0.3071604078
5882.10 0.1771396710 0.3072096626
5882.30 -0.6036405940 0.3059739315
5882.50 -0.5705912124 0.3051558123
5882.70 -0.4602088776 0.3046517554
5882.90 -0.2869804479 0.3059238357
5883.10 -0.5474112473 0.3073367454
5883.30 -0.6654675066 0.3087726840
5883.50 -0.1566906219 0.3123394914
5883.70 -0.7938192962 0.3239944168
5883.90 -0.2926006405 0.3299497987
5884.10 -0.2457327570 0.3191763618
5884.30 -0.5886803998 0.3060775930
5884.50 -0.2738196186 0.3068932388
5884.70 0.5792252742 0.3088426485
5884.90 0.3323484389 0.3105650680
5885.10 -0.5594551240 0.3107853067
5885.30 0.2643612705 0.3127261061
5885.50 -0.4299411300 0.3120040087
5885.70 0.4585130329 0.3094096490
5885.90 0.0048060100 0.3082804802
5886.10 -0.7717798132 0.3060712814
5886.30 -0.4397045411 0.3082752449
5886.50 -0.2679320167 0.3097509318
5886.70 0.0256108042 0.3122130713
5886.90 -0.7522307272 0.3093146918
5887.10 -0.2828094684 0.3106119111
5887.30 -0.0773990693 0.3095973435
5887.50 -0.3892899683 0.3085560545
5887.70 -0.1864048538 0.3098276585
5887.90 -0.4241558662 0.3108421697
5888.10 -0.3820231541 0.3130222996
5888.30 0.3860870681 0.3156105483
5888.50 0.0752721352 0.3164766901
5888.70 0.3665311028 0.3221722342
5888.90 0.1861535741 0.3260789335
5889.10 -0.6250927040 0.3345321317
5889.30 -0.4305153542 0.3600805437
5889.50 -0.1008067664 0.4094955168
5889.70 -2.2670690665 0.5102626696
5889.90 -1.2055007853 0.5785116516
5890.10 -0.8584678744 0.5784767124
5890.30 -0.0753034512 0.4472227877
5890.50 -0.6324577079 0.3744217656
5890.70 0.2881545329 0.3494690459
5890.90 -0.0030217930 0.3357446641
5891.10 -1.3161477938 0.3290956743
5891.30 -0.3482613074 0.3238056524
5891.50 -0.4470402328 0.3173399228
5891.70 -0.4385450253 0.3154661342
5891.90 0.0818468829 0.3157152471
5892.10 -0.1596440570 0.3123406931
5892.30 -0.6508451117 0.3112094050
5892.50 0.0633992550 0.3191438484
5892.70 -0.3722601964 0.3366353340
5892.90 -0.2624352486 0.3446448240
5893.10 0.0520955451 0.3333226979
5893.30 0.6869672029 0.3117266933
5893.50 0.3003545759 0.3104265333
5893.70 -0.1225107213 0.3094620495
5893.90 -0.4922499255 0.3095242089
5894.10 0.0054212082 0.3106155838
5894.30 -0.3464225072 0.3112179566
5894.50 -0.6973288189 0.3115760460
5894.70 -0.8617914876 0.3119211987
5894.90 -0.1133235812 0.3154841689
5895.10 -0.9837893143 0.3191233250
5895.30 -0.5546799390 0.3379327943
5895.50 -0.7613329350 0.3713375722
5895.70 -0.4830405828 0.4608550024
5895.90 0.6643846167 0.5394961909
5896.10 -0.7979803754 0.5213246153
5896.30 -0.9147059712 0.3977101822
5896.50 0.3593531082 0.3466928954
5896.70 -0.1345105092 0.3276848136
5896.90 -0.2878236915 0.3199171678
5897.10 0.2975813748 0.3188561840
5897.30 0.2834855281 0.3201976798
5897.50 -0.8116947579 0.3169413586
5897.70 -0.7169522953 0.3133403920
5897.90 -0.3680470988 0.3097549398
5898.10 -0.3729492322 0.3120427156
5898.30 -0.2240464235 0.3136669701
5898.50 -0.5512851261 0.3112380824
5898.70 0.3336005007 0.3083517493
5898.90 -0.6624459899 0.3073156416
5899.10 0.2965649659 0.3210009848
5899.30 -0.1848609030 0.3315839561
5899.50 0.4698983278 0.3370558392
5899.70 0.0357160505 0.3162109732
5899.90 -0.4269934250 0.3082347896
5900.10 -0.0349720477 0.3073994060
5900.30 0.0308321955 0.3077554431
5900.50 0.2147618276 0.3095814443
5900.70 0.4077288338 0.3125527435
5900.90 -0.1505314441 0.3126336620
5901.10 0.3733457010 0.3092387698
5901.30 -0.1364797584 0.3083251085
5901.50 0.4369681839 0.3109446557
5901.70 0.5086533397 0.3108955383
5901.90 -0.1789081018 0.3066445854
5902.10 -0.2580804863 0.3060187146
5902.30 -0.6114002354 0.3084244227
5902.50 0.3318862464 0.3103014451
5902.70 -0.1886284934 0.3098445363
5902.90 -0.1346761077 0.3066524281
5903.10 0.3301001810 0.3094747235
5903.30 -0.0888499226 0.3089289575
5903.50 0.0813525425 0.3089322164
5903.70 -0.4163051230 0.3051232049
5903.90 -0.1101328096 0.3057676505
5904.10 0.5834419920 0.3073452826
5904.30 -0.7878023408 0.3056072696
5904.50 -0.4792911358 0.3065805548
5904.70 -0.3658739250 0.3073326753
5904.90 -0.9739427177 0.3057832179
5905.10 -0.2381651187 0.3060062111
5905.30 -0.7066660420 0.3055311565
5905.50 -0.4457250458 0.3181176140
5905.70 -0.6188537683 0.3233999554
5905.90 -0.9121697287 0.3200675713
5906.10 -0.2002994742 0.3053475283
5906.30 -0.2342560212 0.3062954582
5906.50 -0.5313625904 0.3079105496
5906.70 -0.5665758747 0.3116824235
5906.90 0.1844940104 0.3128718694
5907.10 -0.7116925485 0.3097460895
5907.30 -0.2058284507 0.3076749412
5907.50 -0.7272275229 0.3059355365
5907.70 0.2018095687 0.3089808052
5907.90 0.1605113904 0.3080887601
5908.10 -0.3512320317 0.3078203632
5908.30 -0.2275972476 0.3065460331
5908.50 0.5629395956 0.3085046179
5908.70 -0.3508791858 0.3047724540
5908.90 -0.3951714669 0.3046209178
5909.10 -0.0689432705 0.3050715533
5909.30 -0.3472739971 0.3054200767
5909.50 -0.1307405989 0.3065914780
5909.70 0.9001579867 0.3124740431
5909.90 0.0727600020 0.3175922588
5910.10 -1.1649418645 0.3182406426
5910.30 -0.2778121702 0.3110357781
5910.50 0.2810190024 0.3058164148
5910.70 -0.1127393712 0.3051655884
5910.90 0.1267223336 0.3055182891
5911.10 -0.4822100909 0.3046814133
5911.30 0.0143294740 0.3055466832
5911.50 0.1229638768 0.3052617531
5911.70 0.1339921907 0.3050304309
5911.90 -0.0080521547 0.3059490431
5912.10 0.3169994580 0.3089244512
5912.30 0.5720105690 0.3097868131
5912.50 -0.3135945317 0.3074389312
5912.70 -0.2916525272 0.3050243641
5912.90 -0.0871043433 0.3048529452
5913.10 -0.3476106302 0.3043368117
5913.30 0.2994168560 0.3063358638
5913.50 -0.1846958557 0.3066126087
5913.70 -0.5806880071 0.3073336533
5913.90 -0.4260190948 0.3230824560
5914.10 -0.4197911466 0.3478455263
5914.30 -0.3349233551 0.3567110552
5914.50 -0.3349867820 0.3222409479
5914.70 0.1736311088 0.3084713828
5914.90 -0.8353459786 0.3070085391
5915.10 0.2454157438 0.3077322849
5915.30 -1.2940129692 0.3052177137
5915.50 -0.6707399955 0.3076427850
5915.70 0.4288565192 0.3105839613
5915.90 0.3363774498 0.3102238150
