5870.10 0.1404804596 0.3237280807
5870.30 -0.3584083503 0.3221454256
5870.50 0.6563118342 0.3238985358
5870.70 -0.1160756290 0.3225652005
5870.90 -0.1516352805 0.3224219807
5871.10 -0.0460601196 0.3243536975
5871.30 -0.2149391299 0.3234444607
5871.50 -0.8784359589 0.3213435824
5871.70 -0.3150960436 0.3224070105
5871.90 0.5213501585 0.3241363780
5872.10 0.0518836425 0.3230633967
5872.30 0.0998087897 0.3229429280
5872.50 0.2328379217 0.3239018613
5872.70 -0.0118468264 0.3242756947
5872.90 0.0482897154 0.3296485180
5873.10 0.5238143186 0.3327069554
5873.30 -0.0678027578 0.3267637211
5873.50 0.6906098231 0.3266623743
5873.70 -0.1436066591 0.3260126737
5873.90 0.1522795255 0.3248181885
5874.10 -0.7046419854 0.3214884877
5874.30 -0.2685457625 0.3220403102
5874.50 -0.4320590779 0.3223092676
5874.70 0.1752828594 0.3233997398
5874.90 -0.1933832532 0.3235833668
5875.10 -0.3092435540 0.3237782193
5875.30 -0.6111566537 0.3232029765
5875.50 -0.2725373181 0.3231208758
5875.70 -0.1711759679 0.3228315943
5875.90 -0.2930623165 0.3232825068
5876.10 -0.1379265961 0.3252110601
5876.30 -1.0124796453 0.3238223524
5876.50 0.1111264194 0.3243691738
5876.70 0.2432525084 0.3234539819
5876.90 0.1026686823 0.3226183277
5877.10 0.0707894907 0.3227074656
5877.30 -0.1467261662 0.3226538689
5877.50 0.1685533857 0.3287758729
5877.70 0.0148448397 0.3301572698
5877.90 0.1966447989 0.3270946128
5878.10 -0.7415071553 0.3216389554
5878.30 -0.0849078349 0.3224146153
5878.50 -0.2428019952 0.3232542638
5878.70 -0.6830941588 0.3229530388
5878.90 -0.2159904812 0.3234695848
5879.10 0.2538898366 0.3240122520
5879.30 -0.1192721192 0.3275030428
5879.50 -0.7441496345 0.3257017621
5879.70 -0.2394039073 0.3267011963
5879.90 -0.4197920742 0.3299729137
5880.10 0.1297925785 0.3331416743
5880.30 0.5427997953 0.3277289774
5880.50 -0.1254554448 0.3234978209
5880.70 0.6400725605 0.3256418896
5880.90 0.2203717214 0.3266442621
5881.10 0.2272696598 0.3321899109
5881.30 -0.3059750368 0.3278770168
5881.50 -0.0674797610 0.3249755944
5881.70 -0.7978239298 0.3231561843
5881.90 -0.5921413335 0.3228671724
5882.10 0.2093880033 0.3233630937
5882.30 0.2009064677 0.3226170392
5882.50 -0.2049602524 0.3220017431
5882.70 -0.0494803391 0.3242293902
5882.90 0.1042468681 0.3259197489
5883.10 -0.4867352938 0.3243672973
5883.30 -0.3471644472 0.3235129061
5883.50 -0.2904350024 0.3381133985
5883.70 -0.0680485864 0.3544312429
5883.90 -1.1233683905 0.3391061010
5884.10 -0.1661835875 0.3239990617
5884.30 -0.0150505402 0.3250021520
5884.50 -0.1374615227 0.3249653263
5884.70 -0.5706612241 0.3241192041
5884.90 0.3004737683 0.3302884777
5885.10 0.0381222301 0.3290223376
5885.30 -0.3619755565 0.3262222462
5885.50 0.3701184078 0.3260355382
5885.70 -0.2303903173 0.3231894685
5885.90 -0.5357875795 0.3227372655
5886.10 -0.9791677994 0.3252296645
5886.30 0.1914466461 0.3268366628
5886.50 0.3994457888 0.3280760470
5886.70 -0.1773556351 0.3267426497
5886.90 -0.7638434921 0.3246022715
5887.10 -0.6585099980 0.3232668916
5887.30 0.1151851425 0.3265638260
5887.50 -0.7688581118 0.3264227533
5887.70 -0.5366448947 0.3274187192
5887.90 -0.3975783690 0.3289643103
5888.10 0.5261786787 0.3319490106
5888.30 0.3657635342 0.3340734702
5888.50 -0.5327597871 0.3372289468
5888.70 -0.1746467133 0.3418041118
5888.90 -0.8277277796 0.3461282255
5889.10 -0.4545945777 0.3602993954
5889.30 0.8685270203 0.4253781236
5889.50 -1.3119560860 0.4787319787
5889.70 -0.1845831518 0.6454043356
5889.90 -0.4944323366 0.6656621495
5890.10 -0.1866195137 0.5061714389
5890.30 -0.2409653259 0.4090967510
5890.50 -0.9680184141 0.3724359253
5890.70 -0.4844137945 0.3532056008
5890.90 0.1075112874 0.3483295247
5891.10 -0.6101162867 0.3417301622
5891.30 -0.2821021610 0.3384431615
5891.50 0.0441763706 0.3336134317
5891.70 -0.4011968669 0.3311042310
5891.90 0.1234186115 0.3304640790
5892.10 -0.2341794944 0.3283609277
5892.30 -0.0016773962 0.3304826364
5892.50 -0.4876380877 0.3458591388
5892.70 -0.6969052044 0.3763998073
5892.90 0.4763652349 0.3537306351
5893.10 0.2967263943 0.3300188953
5893.30 -0.4896699827 0.3264217952
5893.50 0.5686538415 0.3279291326
5893.70 0.2926162363 0.3275650345
5893.90 -0.6903733570 0.3268691211
5894.10 -0.1068261750 0.3285082452
5894.30 0.1642157730 0.3287346740
5894.50 0.7064854541 0.3309346891
5894.70 -0.4885204857 0.3316985894
5894.90 -0.1643689163 0.3358713597
5895.10 0.2389631201 0.3453930345
5895.30 0.7875504743 0.3885009510
5895.50 0.5061517693 0.4413527836
5895.70 -1.5696368485 0.5993037394
5895.90 -0.4907412397 0.5901423210
5896.10 0.6792590397 0.4468674799
5896.30 -0.5395757560 0.3723321588
5896.50 -0.2144837066 0.3492050529
5896.70 0.1987624353 0.3389246709
5896.90 -0.6732254930 0.3342945762
5897.10 -0.6704654512 0.3377950664
5897.30 -0.4835108230 0.3350079437
5897.50 -0.4191401635 0.3279526177
5897.70 -0.5484085303 0.3252854457
5897.90 -0.1219838800 0.3292947851
5898.10 0.5058285815 0.3321761789
5898.30 0.3673015237 0.3283018876
5898.50 -0.8896073281 0.3226430926
5898.70 -0.4092322432 0.3244862471
5898.90 0.0630517714 0.3319320663
5899.10 0.0040138799 0.3542825591
5899.30 0.1661496798 0.3517208782
5899.50 0.0467804926 0.3350364416
5899.70 -0.4512637913 0.3259849740
5899.90 -0.2669156743 0.3238112324
5900.10 0.0034844793 0.3243103185
5900.30 -1.2146427409 0.3251343798
5900.50 -0.6839011827 0.3256575246
5900.70 0.4829680383 0.3259831919
5900.90 -0.0754443849 0.3235653415
5901.10 -0.3087899747 0.3240375405
5901.30 -0.7183870455 0.3258383853
5901.50 -0.0089203337 0.3257328533
5901.70 -0.4033282448 0.3231846100
5901.90 0.0046357680 0.3234101366
5902.10 0.1067553126 0.3244550683
5902.30 -0.4687762673 0.3294132045
5902.50 -0.3813283912 0.3276746702
5902.70 -0.7241351087 0.3232085419
5902.90 0.0824311429 0.3231448260
5903.10 -0.1011222294 0.3261034870
5903.30 -0.9156240574 0.3235979055
5903.50 -0.0416817496 0.3230574786
5903.70 0.5865041010 0.3241665948
5903.90 0.2303274058 0.3239577444
5904.10 -1.2162447773 0.3218913196
5904.30 -0.3020486170 0.3233318510
5904.50 -0.5931015684 0.3226157691
5904.70 -0.3673512554 0.3241164377
5904.90 0.5848059385 0.3249260556
5905.10 -0.8565728233 0.3218634728
5905.30 0.9364500347 0.3288988146
5905.50 0.2236368136 0.3520620802
5905.70 -0.1074999798 0.3406300562
5905.90 -0.0625534616 0.3242901053
5906.10 -0.7529803986 0.3218839341
5906.30 -0.0671941594 0.3259719646
5906.50 -1.2638737348 0.3245731059
5906.70 0.2172285038 0.3311508549
5906.90 -0.0519407726 0.3281757985
5907.10 -0.3367376374 0.3241302917
5907.30 -0.3727062067 0.3228398962
5907.50 0.3277788535 0.3237757247
5907.70 0.2259114024 0.3264751139
5907.90 0.4884773970 0.3272681804
5908.10 -0.1713261370 0.3232408238
5908.30 -0.0184179534 0.3223660920
5908.50 -0.1470422619 0.3216311648
5908.70 0.0261402119 0.3218845844
5908.90 -0.3277193781 0.3218971379
5909.10 -0.1382328004 0.3236509454
5909.30 -0.1166646804 0.3233355712
5909.50 0.1481087743 0.3237476788
5909.70 -0.1079298106 0.3362045247
5909.90 0.1133216140 0.3378888528
5910.10 -0.6178409417 0.3285304128
5910.30 -0.1413299008 0.3222320475
5910.50 0.4255077173 0.3230001761
5910.70 -0.2397186856 0.3224895979
5910.90 0.3393737969 0.3238497573
5911.10 -0.5100959316 0.3217206828
5911.30 0.0690837251 0.3225944492
5911.50 -0.4491684609 0.3218032183
5911.70 -0.8121553371 0.3211914159
5911.90 0.2141195745 0.3261785151
5912.10 -0.0635791797 0.3248042489
5912.30 -0.4313665048 0.3224092056
5912.50 -0.6326599017 0.3219776156
5912.70 -0.2951013542 0.3221071361
5912.90 -0.5177430967 0.3213360144
5913.10 -0.2860144450 0.3232494663
5913.30 0.0415555852 0.3238107920
5913.50 0.5213113225 0.3247578289
5913.70 0.1228836916 0.3269410329
5913.90 -0.4537459818 0.3752416212
5914.10 -0.6322065901 0.3818473090
5914.30 -0.0991319633 0.3492000417
5914.50 0.7599947861 0.3280717168
5914.70 0.3101092973 0.3254761008
5914.90 -0.1895459013 0.3234991836
5915.10 0.4543244888 0.3238834814
5915.30 -0.3593450130 0.3261293059
5915.50 -0.3689014208 0.3263257667
5915.70 0.1865891462 0.3260336105
5915.90 -0.0169717410 0.3309388209
