5870.10 0.0241229801 0.2340513437
5870.30 -0.1594617682 0.2338318481
5870.50 -0.0236293772 0.2338710779
5870.70 0.3042272021 0.2340852786
5870.90 0.0807054186 0.2337617417
5871.10 -0.0782752694 0.2340639352
5871.30 -0.0148874256 0.2344184058
5871.50 -0.0097863022 0.2344060939
5871.70 0.2066556976 0.2336868740
5871.90 0.0322402315 0.2332675900
5872.10 -0.1119848168 0.2331359171
5872.30 -0.5477733808 0.2326837600
5872.50 0.0895039280 0.2337772317
5872.70 0.3070099330 0.2345481833
5872.90 0.2376860110 0.2358452305
5873.10 -0.5847709036 0.2378405022
5873.30 -0.1313281699 0.2383010970
5873.50 -0.0235326709 0.2364511212
5873.70 -0.0780719314 0.2347540388
5873.90 -0.4112251856 0.2346441428
5874.10 -0.8625511113 0.2326887299
5874.30 -0.3271003501 0.2327695171
5874.50 -0.2953583575 0.2330673261
5874.70 0.1467994931 0.2337350648
5874.90 -0.2422244580 0.2335239550
5875.10 0.1714869400 0.2344223180
5875.30 0.4994280032 0.2355079113
5875.50 -0.2954808572 0.2337254469
5875.70 -0.0432076563 0.2336430218
5875.90 0.0361360572 0.2334725696
5876.10 -0.2682633761 0.2338770156
5876.30 0.1388558003 0.2351355342
5876.50 -0.1816276739 0.2349363611
5876.70 0.3993022597 0.2345213769
5876.90 -0.0437007436 0.2331655871
5877.10 0.2334859932 0.2332958215
5877.30 0.2902943856 0.2335555396
5877.50 -0.1872871298 0.2343506022
5877.70 -0.1888205028 0.2371237375
5877.90 -0.0265028245 0.2381014975
5878.10 -0.3513459497 0.2350995297
5878.30 0.1679092173 0.2337632460
5878.50 -0.3361771808 0.2334235037
5878.70 -0.0437683766 0.2342155496
5878.90 -0.1556435978 0.2341626162
5879.10 -0.1854232966 0.2334642862
5879.30 0.0696731271 0.2350922147
5879.50 -0.3516968915 0.2354821117
5879.70 0.0984359225 0.2370695235
5879.90 0.3050033103 0.2376817325
5880.10 -0.2077050302 0.2389413977
5880.30 0.0965883696 0.2386676752
5880.50 -0.2237566652 0.2358734715
5880.70 0.0130533961 0.2340239820
5880.90 -0.3891608717 0.2340258949
5881.10 -0.4509161251 0.2363101305
5881.30 -0.2943534960 0.2371259398
5881.50 -0.0632957808 0.2373724441
5881.70 -0.4433529669 0.2341406312
5881.90 0.5444664693 0.2350594038
5882.10 -0.2881935140 0.2334414523
5882.30 -0.2116883912 0.2329870813
5882.50 -0.0013592376 0.2330337870
5882.70 -0.1979957098 0.2337179998
5882.90 -0.5138886530 0.2341404005
5883.10 -0.0119909221 0.2353317363
5883.30 -0.2586618700 0.2339764495
5883.50 -0.0437479650 0.2362427037
5883.70 -0.3784098153 0.2473203008
5883.90 0.0048469407 0.2509233095
5884.10 -0.0845125628 0.2450766513
5884.30 -0.0722366086 0.2345672169
5884.50 -0.2544247330 0.2344655677
5884.70 -0.0667815383 0.2353409441
5884.90 -0.0463153414 0.2365984843
5885.10 0.1678017868 0.2376694553
5885.30 -0.3299912089 0.2368853430
5885.50 0.3106896445 0.2360268054
5885.70 0.2043660981 0.2349044120
5885.90 -0.2633402318 0.2338080135
5886.10 -0.4374447568 0.2346973394
5886.30 -0.0479829057 0.2359395583
5886.50 0.2201081820 0.2369453641
5886.70 -0.4017305952 0.2354943073
5886.90 -0.0548148723 0.2360164224
5887.10 -0.0171354243 0.2347667562
5887.30 0.1187319575 0.2353181586
5887.50 -0.6902043929 0.2351902501
5887.70 -0.1813012540 0.2368638960
5887.90 -0.5293597577 0.2368292796
5888.10 0.3738968729 0.2384491833
5888.30 0.2773978884 0.2397248232
5888.50 -0.1482619477 0.2418880878
5888.70 -0.1559757355 0.2447549169
5888.90 -0.4059935211 0.2481594283
5889.10 -0.7717417627 0.2526940597
5889.30 -0.1141903100 0.2726702781
5889.50 0.1361249824 0.3065923841
5889.70 -0.4770595309 0.3808282826
5889.90 -0.4444835938 0.4421300110
5890.10 -0.5505654229 0.4393541648
5890.30 -0.3318085725 0.3466310694
5890.50 -0.1726828058 0.2898957203
5890.70 -0.2576681705 0.2670080737
5890.90 -0.4186285193 0.2541534999
5891.10 -0.1446908576 0.2494483649
5891.30 -0.3330692656 0.2471184950
5891.50 0.4373862340 0.2441745863
5891.70 0.3864387277 0.2410845872
5891.90 -0.0577914065 0.2391885929
5892.10 -0.2456551122 0.2382104739
5892.30 -0.1347984423 0.2380511539
5892.50 -0.1953097255 0.2415284722
5892.70 -0.3519519578 0.2566309250
5892.90 -0.1047557882 0.2612560915
5893.10 0.0388242850 0.2547077300
5893.30 -0.9442517938 0.2361873643
5893.50 0.1905831361 0.2367520337
5893.70 -0.0994096475 0.2359436915
5893.90 0.2924302419 0.2369786479
5894.10 0.4588225651 0.2377482722
5894.30 -0.1243743299 0.2370146717
5894.50 -0.0813140768 0.2370376945
5894.70 -0.4560900649 0.2376730384
5894.90 -0.1005221670 0.2404269588
5895.10 -0.0471751972 0.2446585055
5895.30 -0.2874947220 0.2580593576
5895.50 0.4028399589 0.2834893779
5895.70 -0.6348375123 0.3471751741
5895.90 -0.6565920968 0.4028618358
5896.10 0.9020801094 0.3977535598
5896.30 0.2036471012 0.3083101244
5896.50 -0.3503557688 0.2647956563
5896.70 0.6292353093 0.2517276621
5896.90 0.0473727245 0.2444657179
5897.10 -0.3254828981 0.2433448358
5897.30 -0.0616651582 0.2432736924
5897.50 -0.0364595099 0.2407411343
5897.70 -0.1389243783 0.2375609322
5897.90 -0.4093863096 0.2367490134
5898.10 -0.3678023488 0.2381699064
5898.30 -0.7329388339 0.2370582595
5898.50 -0.1287130627 0.2359455835
5898.70 -0.1209090644 0.2349155202
5898.90 -0.3592922195 0.2368335588
5899.10 0.2145586696 0.2454397827
5899.30 -0.2575565603 0.2500498052
5899.50 -0.3878936592 0.2511449573
5899.70 -0.0885110235 0.2408771869
5899.90 0.2040114291 0.2364115709
5900.10 0.4104923065 0.2351196283
5900.30 -0.5407251566 0.2350481384
5900.50 -0.3794752933 0.2356702290
5900.70 -0.1291289734 0.2357002031
5900.90 -0.1803779772 0.2336093690
5901.10 -0.2014603775 0.2340051293
5901.30 -0.0080452418 0.2351829276
5901.50 -0.0426353217 0.2354568201
5901.70 -0.0652704159 0.2353042434
5901.90 -0.1434364651 0.2334981866
5902.10 -0.7201178478 0.2326726394
5902.30 -0.0351974831 0.2358540621
5902.50 -0.6063630460 0.2364071740
5902.70 -0.5276149195 0.2367012265
5902.90 -0.0903794416 0.2336252073
5903.10 -0.6902913011 0.2332754113
5903.30 0.0695825987 0.2349097892
5903.50 0.4215159648 0.2359082630
5903.70 -0.3075542945 0.2332240193
5903.90 0.4341515512 0.2341896253
5904.10 -0.2222649117 0.2339811635
5904.30 0.1386072277 0.2346049988
5904.50 -0.1197498190 0.2336498299
5904.70 -0.6519484470 0.2331584733
5904.90 0.2099680558 0.2346752797
5905.10 0.3233265470 0.2350769640
5905.30 0.7230528099 0.2351094594
5905.50 -0.1259975499 0.2427446461
5905.70 0.1800021685 0.2469122756
5905.90 0.0726030479 0.2460078587
5906.10 -0.0646437752 0.2338447254
5906.30 -0.5537438793 0.2335234597
5906.50 -0.3987173875 0.2347923062
5906.70 -0.1390463267 0.2377533264
5906.90 0.3673243574 0.2382232506
5907.10 -0.0631422088 0.2375139684
5907.30 0.1349264449 0.2345829762
5907.50 0.4749309506 0.2345611644
5907.70 -0.0189860273 0.2346066940
5907.90 -0.2709237351 0.2354262934
5908.10 -0.5949721822 0.2350185423
5908.30 -0.1866750717 0.2334774653
5908.50 -0.3987299559 0.2320803758
5908.70 -0.2797657483 0.2323273363
5908.90 -0.2241483228 0.2326764599
5909.10 -0.3331995838 0.2333373999
5909.30 -0.2131288177 0.2337382547
5909.50 -0.5001081426 0.2335194515
5909.70 0.3349334715 0.2371720514
5909.90 -0.4579192155 0.2419969569
5910.10 0.1604859574 0.2432565394
5910.30 -0.2174122733 0.2370790088
5910.50 0.2994868525 0.2335294214
5910.70 -0.3728217226 0.2324370947
5910.90 -0.0778357836 0.2329403478
5911.10 -0.1729847805 0.2329717969
5911.30 0.2371507695 0.2335028939
5911.50 -0.0600345949 0.2332690499
5911.70 -0.0355403557 0.2337304404
5911.90 -0.3935231757 0.2343494275
5912.10 -0.5386304184 0.2342650098
5912.30 0.2606522541 0.2350273239
5912.50 -0.1227972717 0.2332820572
5912.70 -0.6271998778 0.2327096196
5912.90 -0.2207138358 0.2330818287
5913.10 -0.2883933127 0.2334173023
5913.30 -0.4377568812 0.2336587520
5913.50 0.2532059812 0.2343507857
5913.70 0.2396920676 0.2346350137
5913.90 -0.8935498626 0.2450708118
5914.10 -0.5410601218 0.2660891408
5914.30 -0.0872499806 0.2718979075
5914.50 0.3329280659 0.2498304742
5914.70 0.0747355101 0.2355597940
5914.90 0.0822572059 0.2345223801
5915.10 0.3082141636 0.2343054263
5915.30 0.2421476123 0.2350139136
5915.50 0.2478403432 0.2362721032
5915.70 -0.0593591905 0.2365958500
5915.90 0.0790229317 0.2361743355
