-6.690046974470180430e-02 2.913285660334996585e-03 3.306595944615564869e-03
-6.354695762900300360e-02 -3.366230278806003895e-03 3.669296156427911699e-03
-6.067192220430798338e-02 1.761909131655081673e-03 4.299983737832943458e-03
-5.822127283752984162e-02 -3.198139116109222080e-03 3.686913780778696033e-03
-5.552098459345947840e-02 8.268625937858375963e-03 3.491665175439250500e-03
-5.285398474709875061e-02 -3.914868586831654618e-03 3.535680675662932534e-03
-5.027435472456127930e-02 -3.561038584667941542e-03 3.434970685360101434e-03
-4.764895834455799145e-02 -5.969206109156965923e-03 3.883183964115111218e-03
-4.495283282419646614e-02 7.059004470290064504e-04 3.347983681432332125e-03
-4.235239939448513791e-02 1.801267286380303645e-03 3.214130157815789021e-03
-3.972700669727115969e-02 -2.536195780052263871e-03 3.774211620777304967e-03
-3.703087749412033169e-02 3.926943323961928911e-05 3.815570645436130223e-03
-3.442628468869043251e-02 4.708360181092441366e-03 3.849025516514461252e-03
-3.202556825327575879e-02 9.422342452004572877e-04 5.157650463148641569e-03
-2.915885141261836261e-02 -7.217394547177180542e-03 4.217593832944192302e-03
-2.637951159396332082e-02 4.561042304531692793e-03 5.132980004730520324e-03
-4.910351531861281010e-03 -1.450652630113136166e-02 6.201678983012218899e-03
-2.405617223579711254e-03 2.986940811794402961e-03 5.727385032478857912e-03
1.698499078494035018e-04 -5.718706302836329414e-04 6.775019405742301049e-03
3.028240966290093698e-03 3.596994119506091714e-03 6.312531697308970680e-03
5.682763020294159979e-03 -1.370152156687309830e-02 6.825925207471683978e-03
8.607727693563344690e-03 2.146190457594343570e-03 4.901524588027738466e-03
1.098348134608558534e-02 -4.255855065144698024e-03 4.132863177065767071e-03
1.363799971730035067e-02 2.612390691933974551e-04 3.880792550082193867e-03
1.621346684872946448e-02 6.184692025939075855e-03 3.899346206094667523e-03
1.888047021047999097e-02 4.394201908268446921e-03 3.598412318752530065e-03
2.153082937337569974e-02 -5.824852542180458670e-03 3.448545298309262184e-03
2.410629282201551260e-02 9.246421725165321348e-04 3.409472437164811059e-03
2.678577765891201196e-02 -3.967403622174070499e-03 3.208851093986499550e-03
2.941117403891529286e-02 4.148476597751749040e-03 3.177539834721305155e-03
3.201160395323684321e-02 2.821682857752305651e-03 3.160433199423475382e-03
3.465364101670514313e-02 7.445313131529962547e-04 3.094787971315727821e-03
3.728319660502747712e-02 -1.134589985136047474e-03 3.369958270961160782e-03
3.993355576792318590e-02 1.021839164490390139e-03 3.293824762007375052e-03
4.252566341541780953e-02 -6.546535179696832962e-03 3.427154407202468323e-03
4.520514825231431583e-02 -1.246642034111844488e-03 3.662843593328631280e-03
4.780557816663585924e-02 -6.537243790299629431e-03 3.847789774613697301e-03
5.047674090410495668e-02 -6.815406214609742719e-04 3.937446637779848727e-03
