5870.10 -0.0216536875 0.1613409143
5870.30 -0.0865157680 0.1611026438
5870.50 0.0944675447 0.1612207629
5870.70 0.0369536124 0.1610795633
5870.90 -0.0399794906 0.1609586112
5871.10 0.0737531375 0.1615399091
5871.30 -0.0768267728 0.1615193374
5871.50 -0.0969599410 0.1613423958
5871.70 -0.0532883754 0.1609006940
5871.90 -0.0461540259 0.1608403634
5872.10 -0.2091984669 0.1607655920
5872.30 -0.1704039448 0.1606553770
5872.50 0.0774418946 0.1610831325
5872.70 0.1284630138 0.1615121270
5872.90 0.1832798046 0.1630355711
5873.10 0.0186603658 0.1647287545
5873.30 0.0627617580 0.1641513691
5873.50 0.4460987548 0.1631526679
5873.70 0.0945522820 0.1621808345
5873.90 -0.1765717000 0.1618834716
5874.10 -0.6166046079 0.1605321873
5874.30 -0.2855102634 0.1604530521
5874.50 -0.1313106251 0.1607913960
5874.70 0.2032982823 0.1612193995
5874.90 -0.1991577905 0.1611114442
5875.10 0.1038530386 0.1615896568
5875.30 0.1674298811 0.1619074128
5875.50 -0.1431059948 0.1613872301
5875.70 -0.0602524376 0.1612659817
5875.90 -0.0314192681 0.1612049619
5876.10 0.0371097556 0.1617252365
5876.30 -0.1637752155 0.1619666014
5876.50 0.0684641097 0.1620981005
5876.70 0.5504967329 0.1617969575
5876.90 0.1315553548 0.1609558132
5877.10 0.1489427421 0.1608591896
5877.30 0.1178816521 0.1609676390
5877.50 -0.0826763453 0.1621998684
5877.70 0.2615796556 0.1640557498
5877.90 0.2400740790 0.1641243195
5878.10 -0.0285059946 0.1620359652
5878.30 0.2865542811 0.1613143700
5878.50 -0.1519453655 0.1611069767
5878.70 -0.0007175809 0.1615575428
5878.90 -0.2254723384 0.1615165718
5879.10 0.0265232787 0.1615938209
5879.30 0.1311312296 0.1626808322
5879.50 -0.3055600223 0.1625066395
5879.70 0.1637004602 0.1633947761
5879.90 -0.0705134390 0.1638267956
5880.10 0.1443075207 0.1654790795
5880.30 0.2402070643 0.1645066761
5880.50 -0.1631598406 0.1625457525
5880.70 0.3604695614 0.1617787927
5880.90 0.1601866455 0.1620625395
5881.10 0.0326001447 0.1639700299
5881.30 -0.1141100550 0.1639592484
5881.50 0.0908255805 0.1635744334
5881.70 -0.1838666447 0.1616858788
5881.90 0.2019737440 0.1618497553
5882.10 0.1134077105 0.1613902688
5882.30 -0.0674863397 0.1609699964
5882.50 -0.0567546101 0.1607933304
5882.70 -0.0794385574 0.1612204683
5882.90 -0.1433704578 0.1617548591
5883.10 -0.1239052082 0.1621618771
5883.30 -0.2337783281 0.1618228459
5883.50 0.0115727195 0.1647773820
5883.70 -0.2643208606 0.1721365768
5883.90 -0.2068623812 0.1723319101
5884.10 0.0037412048 0.1669041831
5884.30 -0.0477283163 0.1618103652
5884.50 -0.0664246017 0.1619016269
5884.70 0.1514933212 0.1623689560
5884.90 0.3075609465 0.1637887887
5885.10 0.1006698817 0.1640269612
5885.30 -0.0081798006 0.1637015885
5885.50 0.2885390719 0.1632909062
5885.70 0.3328554159 0.1621966345
5885.90 -0.0875304468 0.1616201825
5886.10 -0.4937861926 0.1619012312
5886.30 0.0724352969 0.1628290935
5886.50 0.3002984182 0.1635281950
5886.70 -0.0581020679 0.1632429851
5886.90 -0.2507175971 0.1627336392
5887.10 -0.0772932240 0.1623421923
5887.30 0.2411617275 0.1627929398
5887.50 -0.4522874050 0.1625816424
5887.70 -0.0932662457 0.1634425177
5887.90 -0.2910044419 0.1637700851
5888.10 0.3807834549 0.1649893797
5888.30 0.5047096395 0.1660446778
5888.50 -0.0014750142 0.1672742748
5888.70 0.1590861428 0.1696047147
5888.90 -0.1682818419 0.1718330450
5889.10 -0.4770762892 0.1762720286
5889.30 0.1822599644 0.1938772704
5889.50 -0.0630701590 0.2187379355
5889.70 -0.7814609430 0.2763849554
5889.90 -0.5566490815 0.3104004018
5890.10 -0.3135179870 0.2879738623
5890.30 -0.0556307951 0.2278811002
5890.50 -0.3337322684 0.1955571529
5890.70 0.0103709063 0.1822098303
5890.90 0.0111785910 0.1754786747
5891.10 -0.3982215494 0.1721576114
5891.30 -0.1394977226 0.1702147302
5891.50 0.2815799743 0.1677116295
5891.70 0.1469936399 0.1661171629
5891.90 0.2140380877 0.1654543417
5892.10 -0.0299186182 0.1643848563
5892.30 -0.0605988121 0.1644257834
5892.50 -0.0090779865 0.1685681317
5892.70 -0.2480223965 0.1796886651
5892.90 0.1833404785 0.1797493051
5893.10 0.2969028817 0.1728201900
5893.30 -0.1987016963 0.1633856082
5893.50 0.5066546937 0.1635771686
5893.70 0.1827742729 0.1631257610
5893.90 0.0160396754 0.1633839776
5894.10 0.3832519794 0.1640021847
5894.30 0.0677431276 0.1638705176
5894.50 0.1321186418 0.1642066467
5894.70 -0.3902435042 0.1645575534
5894.90 0.0696199242 0.1664990348
5895.10 -0.0598788360 0.1695705268
5895.30 0.0571212602 0.1817069402
5895.50 0.2711973437 0.2009964493
5895.70 -0.5830211393 0.2521006771
5895.90 -0.1130795041 0.2826821513
5896.10 0.5850254437 0.2584465103
5896.30 -0.1460208533 0.2040821049
5896.50 0.0608631137 0.1805725457
5896.70 0.4933945747 0.1723295959
5896.90 -0.0428557766 0.1682665780
5897.10 -0.0548052086 0.1681802841
5897.30 0.1099175378 0.1680050431
5897.50 -0.1621289178 0.1658146481
5897.70 -0.2161448167 0.1639218608
5897.90 -0.1441567982 0.1636343538
5898.10 0.0331137267 0.1647959688
5898.30 -0.1388858788 0.1641776429
5898.50 -0.2519641967 0.1627560036
5898.70 0.1195090399 0.1622379483
5898.90 -0.1663441790 0.1636114607
5899.10 0.3679857592 0.1711061666
5899.30 0.0447550234 0.1739342926
5899.50 0.1258170540 0.1728971469
5899.70 0.0279516013 0.1654892428
5899.90 0.0843639989 0.1626095730
5900.10 0.3681107025 0.1621376635
5900.30 -0.3728199664 0.1622616108
5900.50 -0.1136900680 0.1627974777
5900.70 0.3414968801 0.1632662478
5900.90 0.0337391397 0.1622891819
5901.10 0.1077077996 0.1619960160
5901.30 -0.0501414166 0.1624694145
5901.50 0.2713156909 0.1629280870
5901.70 0.1824329623 0.1625520659
5901.90 0.0588094894 0.1613736510
5902.10 -0.2160862917 0.1611373345
5902.30 -0.1310312922 0.1631394530
5902.50 -0.1188139507 0.1633861342
5902.70 -0.3136089784 0.1628530470
5902.90 0.1096390964 0.1613753273
5903.10 -0.0962373723 0.1620308628
5903.30 -0.0509431865 0.1621828340
5903.50 0.3762290162 0.1624345740
5903.70 0.0491430121 0.1611423315
5903.90 0.3971023170 0.1615251103
5904.10 -0.0849909484 0.1614292463
5904.30 -0.0673879289 0.1615563568
5904.50 -0.1797059266 0.1612919125
5904.70 -0.3428080417 0.1614274812
5904.90 0.1312918498 0.1617967013
5905.10 0.0236521478 0.1615735266
5905.30 0.5351784871 0.1623753127
5905.50 0.0200891730 0.1694638490
5905.70 0.0450713793 0.1703137114
5905.90 -0.0772168328 0.1673982645
5906.10 -0.1194695396 0.1610748734
5906.30 -0.1936041097 0.1616095089
5906.50 -0.4953379981 0.1620924431
5906.70 -0.0218900907 0.1644184745
5906.90 0.3648825493 0.1643805421
5907.10 -0.1676029713 0.1631785272
5907.30 0.0592932541 0.1617620196
5907.50 0.2468774264 0.1616136029
5907.70 0.2449718073 0.1624041911
5907.90 0.1814277308 0.1626444296
5908.10 -0.2789953295 0.1619695483
5908.30 -0.0149490801 0.1611677061
5908.50 0.0615550818 0.1608906442
5908.70 -0.0844745769 0.1604699177
5908.90 -0.1606377025 0.1605609826
5909.10 -0.0749152881 0.1610583895
5909.30 -0.0933978356 0.1611978567
5909.50 -0.1038241742 0.1613470994
5909.70 0.5183123021 0.1649082770
5909.90 -0.0408584475 0.1674627041
5910.10 -0.2725507389 0.1667852248
5910.30 -0.0851580096 0.1629419936
5910.50 0.4498952192 0.1611308480
5910.70 -0.1452384649 0.1606128250
5910.90 0.2058332731 0.1609963085
5911.10 -0.2214319805 0.1606184457
5911.30 0.2515086519 0.1610224295
5911.50 0.0112321521 0.1608045198
5911.70 -0.0686984511 0.1608409854
5911.90 -0.0272061675 0.1617874474
5912.10 -0.0748655991 0.1620249872
5912.30 0.2817476239 0.1620974477
5912.50 -0.1978911005 0.1611285410
5912.70 -0.3493677018 0.1606038620
5912.90 -0.1566045695 0.1606018265
5913.10 -0.2057973444 0.1608696983
5913.30 -0.0170817876 0.1613089124
5913.50 0.2979931064 0.1616925378
5913.70 0.0776317476 0.1621480169
5913.90 -0.5733882757 0.1733371793
5914.10 -0.4319353538 0.1850002934
5914.30 -0.0668996095 0.1839342016
5914.50 0.3436159151 0.1692321174
5914.70 0.2448977380 0.1624263519
5914.90 -0.1548210842 0.1616281398
5915.10 0.4031805829 0.1617000922
5915.30 -0.2588986516 0.1618402153
5915.50 -0.0949730954 0.1626201652
5915.70 0.2037292883 0.1631187212
5915.90 0.1970221222 0.1635032295
