-3.319769981607099268e-02 5.971693737826244686e-03 3.506289176572532310e-03
-3.034351835320299451e-02 -3.354134722556745274e-03 3.279587434446795419e-03
-2.753926613890917210e-02 1.718231216705112807e-03 3.351051301861025615e-03
-2.501377144512877473e-02 -1.957532411915874349e-03 3.466192042770061682e-03
-2.230937404519396997e-02 3.535124503006858987e-05 3.475247974989755049e-03
-1.968402453705454802e-02 -3.790348838906831830e-03 3.699310506392284367e-03
-1.708364132719734224e-02 -1.376177089628760619e-02 3.833841248750406282e-03
-1.443332886876597110e-02 -1.932473777682575111e-03 4.095714694457611507e-03
-1.185790860920071105e-02 -1.152761292455783959e-03 4.233859672268900677e-03
-9.182633367876908564e-03 -1.738449749872805761e-03 4.206415171571185885e-03
-6.611372316630700734e-03 -4.528239579230652900e-03 4.512774324529950434e-03
-4.035951889665926294e-03 1.648172012990833935e-03 4.759999477546110296e-03
-7.365844770969781153e-04 -7.313024445219529213e-03 4.648861070560941430e-03
1.842995158186847785e-03 4.179473333927430367e-03 4.498795707720288500e-03
4.472504042044839374e-03 2.298926064040807127e-03 4.643838778361121175e-03
7.122816500476211385e-03 1.946600441766976886e-03 4.708864067712468550e-03
9.752321701544898122e-03 3.406504184959135983e-03 4.812021962637661084e-03
1.232774212850967256e-02 -1.002373895506336599e-02 5.151900477662253557e-03
1.505294661840764214e-02 1.143065665579756640e-03 4.360801844206183345e-03
1.762836687797290219e-02 -6.852526686331850136e-03 4.090404139759220431e-03
2.023290946354867198e-02 -2.199897236699666081e-03 3.876526629674851687e-03
2.290818470487247446e-02 -1.073177841024897106e-03 3.649028327958690927e-03
2.565002987823546479e-02 -5.660113137005873263e-03 3.363259247750279447e-03
2.827537938637489368e-02 2.136652548683115604e-03 3.243332288579598398e-03
3.090072537912453080e-02 -2.952524070949258395e-03 3.350237668643881849e-03
3.352607137187416791e-02 4.866274156445804522e-03 3.328729553784008557e-03
3.615142104741310425e-02 3.539263756801025451e-03 3.288725883517013178e-03
3.880172982305517271e-02 -7.772108001115052289e-04 3.324375433748667265e-03
4.140211303291238543e-02 -4.021831315272561547e-03 3.416901526584279185e-03
4.402746254105181084e-02 -5.419288147740841666e-03 3.583957997070560259e-03
4.663200495922805583e-02 5.612868721199371080e-03 3.590356401535992233e-03
4.928647679337800486e-02 -6.561037188053120417e-04 3.607911478181896527e-03
5.219890608885778549e-02 9.439153753189044593e-04 3.881984252078450777e-03
5.479928913131547341e-02 -8.965510097402429324e-03 3.815414187041355539e-03
5.744960158974684455e-02 -7.191401728653290526e-03 3.680768536964287765e-03
6.002918122503066861e-02 -2.935686509766499697e-03 3.853210764571524290e-03
6.268365289178108590e-02 -1.084385965975598332e-03 3.929458459588320782e-03
6.528403610163829862e-02 2.668489393858886061e-04 3.939278455957552147e-03
6.791354498549628804e-02 -3.375641579169696982e-04 4.076296880948911995e-03
