5870.10 -0.0843399763 0.1876272523
5870.30 0.0121484279 0.1876469180
5870.50 0.2477143845 0.1879876851
5870.70 -0.1803974165 0.1875631823
5870.90 -0.4385035818 0.1866594202
5871.10 -0.5323808236 0.1888320791
5871.30 -0.1602183134 0.1911146349
5871.50 -0.2790473276 0.1879207119
5871.70 -0.0461903924 0.1882028239
5871.90 -0.3379115487 0.1880671498
5872.10 -0.0511820586 0.1879798422
5872.30 -0.1790880660 0.1878429554
5872.50 -0.3068510591 0.1876109582
5872.70 0.0180729309 0.1896532808
5872.90 0.1971503771 0.1960165602
5873.10 0.0985270151 0.2100867345
5873.30 0.1371749620 0.1970353242
5873.50 -0.3722788425 0.1890756374
5873.70 -0.3188904639 0.1915751696
5873.90 0.1026550503 0.1900147175
5874.10 -0.2998278874 0.1874196196
5874.30 -0.0023238110 0.1875387998
5874.50 0.1620278432 0.1877710500
5874.70 0.1661802264 0.1879770001
5874.90 0.1512023344 0.1882528354
5875.10 0.0838144967 0.1898514299
5875.30 0.3652896386 0.1896211617
5875.50 0.0476993352 0.1914031062
5875.70 -0.3795103960 0.1907289205
5875.90 -0.0417499102 0.1898530265
5876.10 -0.3381121468 0.1932290897
5876.30 0.1196650026 0.1948482827
5876.50 0.2721899933 0.1955581450
5876.70 0.3732608757 0.1909702918
5876.90 0.1160607455 0.1886450563
5877.10 0.5255499595 0.1894665794
5877.30 0.3045709939 0.1900011199
5877.50 -0.0672910861 0.1942293091
5877.70 -0.2008394568 0.2067629883
5877.90 0.2601279939 0.1985959035
5878.10 -0.1987972074 0.1907687829
5878.30 -0.1965771644 0.1886336044
5878.50 0.0714446013 0.1896962772
5878.70 -0.0307929995 0.1892489556
5878.90 0.0244027893 0.1909974164
5879.10 -0.1937103672 0.1900640456
5879.30 0.2128778838 0.1956838739
5879.50 -0.2562706266 0.1978669790
5879.70 0.2946346541 0.2018342595
5879.90 -0.4093989995 0.2039097026
5880.10 -0.2969021567 0.2124311092
5880.30 -0.0024752985 0.2086194522
5880.50 -0.0749523075 0.1932920208
5880.70 -0.1687185524 0.1910325624
5880.90 -0.2027812218 0.1918400342
5881.10 0.2575562138 0.2006771074
5881.30 0.1573745237 0.2011094836
5881.50 0.0074283546 0.1945010525
5881.70 0.0477035916 0.1948987991
5881.90 0.2182783690 0.1919929346
5882.10 0.0956135563 0.1905897268
5882.30 -0.1295683586 0.1910287293
5882.50 -0.3825078553 0.1919598567
5882.70 -0.2288465969 0.1933843486
5882.90 0.1078898960 0.1942574821
5883.10 0.1748453771 0.1950341201
5883.30 0.5717228285 0.1965188456
5883.50 0.3346061080 0.2002591992
5883.70 -0.3125979523 0.2338974822
5883.90 0.0950718590 0.2200801014
5884.10 -0.4087223222 0.1985314364
5884.30 -0.3227073348 0.2030485873
5884.50 0.2901039350 0.2046654308
5884.70 0.2179822612 0.1996229628
5884.90 -0.4554497710 0.2016895990
5885.10 0.1800829246 0.2023563822
5885.30 -0.4422941878 0.2017391430
5885.50 -0.2937397968 0.2026005089
5885.70 -0.2573879387 0.2010807838
5885.90 0.0564882152 0.2022139323
5886.10 0.3854588272 0.2053778244
5886.30 0.3761117744 0.2076619471
5886.50 0.1354401510 0.2100034465
5886.70 -0.2047529883 0.2126793039
5886.90 0.1894084760 0.2147847283
5887.10 -0.4412503479 0.2158742738
5887.30 -0.1590440915 0.2216959392
5887.50 -0.0384927510 0.2262198999
5887.70 -0.0952016447 0.2314352526
5887.90 -0.1505709079 0.2405440270
5888.10 0.3363659797 0.2482315616
5888.30 -0.0142740915 0.2592632737
5888.50 -0.1861449765 0.2705889487
5888.70 -0.0431534721 0.2817468238
5888.90 0.5037195317 0.2974811558
5889.10 0.0347126740 0.3148031242
5889.30 -0.4136880922 0.3374092789
5889.50 -0.4898885767 0.3693417778
5889.70 0.1476951482 0.4701896620
5889.90 -3.1901352330 0.6285221771
5890.10 -0.0408106484 0.4845733221
5890.30 0.2726970953 0.3812709548
5890.50 -0.6356880752 0.3405929696
5890.70 0.5130720470 0.3214153150
5890.90 0.1524594501 0.3018159454
5891.10 0.0146637963 0.2884926205
5891.30 -0.2500072690 0.2715100393
5891.50 0.0126060383 0.2584541262
5891.70 -0.4689983301 0.2500319476
5891.90 -0.2406193911 0.2426256633
5892.10 -0.1632399037 0.2366431856
5892.30 -0.0389104970 0.2380782773
5892.50 0.2416660298 0.2394838117
5892.70 -0.1856056261 0.2708517033
5892.90 0.1683923239 0.2603081062
5893.10 -0.3303291326 0.2310493148
5893.30 -0.1517175059 0.2243759146
5893.50 -0.1895525551 0.2234995340
5893.70 0.1015405827 0.2264485199
5893.90 0.1294758194 0.2287064682
5894.10 0.2054580438 0.2344499763
5894.30 -0.1061075390 0.2380810769
5894.50 -0.4644650400 0.2444446377
5894.70 0.0181488447 0.2564025378
5894.90 0.3493780101 0.2728056348
5895.10 -0.1440561798 0.2914830678
5895.30 0.5371790332 0.3163747616
5895.50 -0.2257071591 0.3504149509
5895.70 0.0815446735 0.4662504738
5895.90 0.0299619831 0.6018765019
5896.10 -0.1351794596 0.4283369944
5896.30 -0.0128567123 0.3435834790
5896.50 -0.0784154825 0.3098832203
5896.70 -0.1745242195 0.2852008650
5896.90 -0.2518770094 0.2668800151
5897.10 0.5730598870 0.2559767735
5897.30 -0.1310214768 0.2425747460
5897.50 -0.1348153269 0.2323851615
5897.70 -0.7354072247 0.2231629849
5897.90 -0.2242035967 0.2183218307
5898.10 -0.2062301118 0.2225829942
5898.30 0.0688471671 0.2158050954
5898.50 0.0839524102 0.2089214609
5898.70 -0.1467780900 0.2086957108
5898.90 0.1168879310 0.2086720921
5899.10 -0.4407200772 0.2294660764
5899.30 -0.4506066959 0.2430713473
5899.50 -0.1865590975 0.2150973723
5899.70 0.0903896788 0.2044035522
5899.90 -0.1198945416 0.2000156227
5900.10 -0.1301372899 0.1978842145
5900.30 -0.4844572814 0.1960020844
5900.50 -0.3055451384 0.1978031764
5900.70 0.2485105550 0.2000193857
5900.90 0.1647016277 0.1978287717
5901.10 -0.0437178075 0.1954899584
5901.30 -0.1990903742 0.1965430594
5901.50 -0.0984436742 0.2010847214
5901.70 -0.6594932738 0.1958896515
5901.90 0.1165610954 0.1952016135
5902.10 -0.0552481484 0.2017091519
5902.30 -0.4232853443 0.2026474870
5902.50 0.1324800777 0.2001185064
5902.70 0.2717649716 0.1947280426
5902.90 -0.0792357613 0.1926861744
5903.10 -0.3860871711 0.1991012899
5903.30 0.1264100735 0.2111060628
5903.50 -0.0478573385 0.1958340678
5903.70 -0.1169182886 0.1915951121
5903.90 0.5528590269 0.1932229448
5904.10 0.1690415142 0.1942922988
5904.30 0.2134266452 0.1942975721
5904.50 0.0225331037 0.1918592066
5904.70 -0.0540733899 0.1944419175
5904.90 -0.0928363850 0.1955095511
5905.10 -0.1257438004 0.1940239060
5905.30 -0.1800146186 0.1952004251
5905.50 0.1576468173 0.2152332511
5905.70 0.0373022656 0.2180478995
5905.90 -0.0769205096 0.1964143315
5906.10 -0.1365655280 0.1918841437
5906.30 -0.0189521352 0.1938506990
5906.50 -0.0258367062 0.1943131705
5906.70 -0.0558545793 0.2011406016
5906.90 0.3497286987 0.1993031483
5907.10 0.5025450429 0.1918408402
5907.30 -0.0892151871 0.1894142693
5907.50 -0.2269337148 0.1900486589
5907.70 -0.1372164108 0.1961357583
5907.90 -0.1834829974 0.1962102598
5908.10 0.0869548424 0.1905899213
5908.30 -0.2490403852 0.1897563219
5908.50 0.0941513894 0.1904481204
5908.70 0.2085702870 0.1912874455
5908.90 0.3042048943 0.1913810903
5909.10 -0.1001870500 0.1903562463
5909.30 0.1613578578 0.1895208625
5909.50 -0.1050006997 0.1898430430
5909.70 0.0436569995 0.1957425607
5909.90 -0.1560348431 0.2150791045
5910.10 0.0274591952 0.1995326723
5910.30 0.1496506438 0.1896675217
5910.50 -0.2445110056 0.1884977816
5910.70 -0.2922167857 0.1892303477
5910.90 0.7301215496 0.1907676914
5911.10 -0.4022200423 0.1890161327
5911.30 -0.1497762628 0.1903746632
5911.50 -0.4703238343 0.1899195290
5911.70 -0.7625745150 0.1872523777
5911.90 -0.0985843022 0.1902663652
5912.10 0.3745098195 0.1928945499
5912.30 -0.2331906131 0.1897125923
5912.50 -0.4496346794 0.1893532718
5912.70 0.0386319541 0.1893135660
5912.90 0.1654317139 0.1885430586
5913.10 -0.2223934380 0.1890411479
5913.30 -0.3965725298 0.1898094069
5913.50 -0.3067722948 0.1920609340
5913.70 0.5867747840 0.1989279656
5913.90 0.4883763435 0.2165116904
5914.10 0.0948695031 0.2666214956
5914.30 -0.4339022203 0.2204562188
5914.50 -0.0008678038 0.1947421774
5914.70 0.3034456330 0.1909581451
5914.90 -0.2484184968 0.1901286030
5915.10 0.0494115253 0.1895016584
5915.30 -0.0663318619 0.1918815602
5915.50 -0.2608843175 0.1998914037
5915.70 -0.1458780332 0.1936702331
5915.90 -1.1187605858 0.1959561979
