5870.10 0.5105708903 0.2516592298
5870.30 0.4397506365 0.2505257511
5870.50 0.1058530591 0.2499491797
5870.70 -0.4788291689 0.2510964989
5870.90 0.1656961223 0.2516957689
5871.10 -0.4835335866 0.2507540291
5871.30 0.4348902648 0.2565031338
5871.50 0.4129047038 0.2535802783
5871.70 -0.1318789937 0.2508152120
5871.90 0.1699122446 0.2511694337
5872.10 0.0989867367 0.2503271622
5872.30 0.2999341668 0.2508924090
5872.50 -0.1654952892 0.2496537074
5872.70 -0.7919108604 0.2499675699
5872.90 -0.6172883375 0.2557634194
5873.10 -0.7254110502 0.2760056801
5873.30 -0.6313116037 0.2650236640
5873.50 -0.5477162256 0.2510218903
5873.70 0.1872503817 0.2561643559
5873.90 -0.2543522665 0.2536235396
5874.10 0.2536539244 0.2502902712
5874.30 -0.5388806905 0.2485216113
5874.50 -0.2163961775 0.2492610052
5874.70 0.0076711359 0.2496631254
5874.90 -0.6549300908 0.2484616098
5875.10 0.3512125283 0.2522835360
5875.30 0.1025200555 0.2519613165
5875.50 -0.4071239825 0.2534135031
5875.70 0.4789680558 0.2574863591
5875.90 -0.0609796821 0.2538182781
5876.10 -0.2845136295 0.2558627279
5876.30 -0.7248002579 0.2601158998
5876.50 -0.1683899810 0.2625645460
5876.70 0.0820232101 0.2559590034
5876.90 0.6198040704 0.2505904364
5877.10 0.1163687837 0.2502240112
5877.30 0.1265022294 0.2513514218
5877.50 -0.2244814233 0.2556764358
5877.70 -0.1379495158 0.2743225139
5877.90 0.2331727309 0.2666327968
5878.10 -0.5204583736 0.2531906242
5878.30 -0.3140720472 0.2502236189
5878.50 -0.2337474009 0.2508598712
5878.70 0.2039760838 0.2515497887
5878.90 0.2043595106 0.2536342796
5879.10 0.0913466083 0.2534479739
5879.30 0.2927273759 0.2577017225
5879.50 -0.3656628880 0.2639294416
5879.70 -0.2677086711 0.2682454926
5879.90 -0.0759431125 0.2753443276
5880.10 -0.2916354885 0.2782565975
5880.30 -0.0609967901 0.2807377995
5880.50 0.1497235932 0.2586482684
5880.70 0.1513548717 0.2546004161
5880.90 0.3808234550 0.2572405811
5881.10 0.3204113152 0.2677632997
5881.30 -0.0125947693 0.2715790787
5881.50 0.0581605643 0.2583359959
5881.70 0.2398182457 0.2580714248
5881.90 0.0985760545 0.2563250027
5882.10 -0.0607919750 0.2562810487
5882.30 0.1294074689 0.2549515050
5882.50 0.1010556097 0.2546345621
5882.70 0.4010161438 0.2575224449
5882.90 -0.4542105127 0.2585362066
5883.10 -0.0863680390 0.2606583464
5883.30 -0.0017799545 0.2601786961
5883.50 0.0580267038 0.2613515729
5883.70 -0.5275152366 0.2996855078
5883.90 -0.3939985323 0.3034536070
5884.10 -0.2158627613 0.2734528290
5884.30 -0.3460642066 0.2705952261
5884.50 -0.2192239913 0.2706219683
5884.70 0.2412015043 0.2626646647
5884.90 0.2622107069 0.2661977364
5885.10 0.1738993436 0.2687360280
5885.30 0.0925477343 0.2676570914
5885.50 -0.2318521864 0.2687913505
5885.70 -0.2146930852 0.2690208318
5885.90 -0.1271319241 0.2688814367
5886.10 -0.1004501104 0.2786499306
5886.30 -0.1842049663 0.2798752980
5886.50 -0.1542997520 0.2796117947
5886.70 -0.2419410434 0.2813567284
5886.90 0.1564137256 0.2841003765
5887.10 -0.3155349681 0.2849077914
5887.30 -0.3929890574 0.2961288554
5887.50 0.2818467626 0.3060456135
5887.70 -0.0975099308 0.3079830702
5887.90 -0.2594099813 0.3201715368
5888.10 -0.3869650423 0.3253514883
5888.30 0.1653019209 0.3367551132
5888.50 0.3744885999 0.3534747619
5888.70 0.3591344102 0.3708090716
5888.90 0.0761445097 0.3930914382
5889.10 -0.2323551812 0.4123934743
5889.30 -0.3597510340 0.4375266708
5889.50 0.0921127388 0.4753159788
5889.70 -0.2925210115 0.5810230342
5889.90 -1.2429925182 0.8494484554
5890.10 -0.2319968937 0.7011128678
5890.30 -0.1175329576 0.5251768019
5890.50 -0.4599384780 0.4613002727
5890.70 0.6718434706 0.4258926723
5890.90 -0.1001989209 0.3990819507
5891.10 -0.6630212806 0.3827143007
5891.30 0.3213000338 0.3666057014
5891.50 0.1693389874 0.3462953574
5891.70 -0.4004871911 0.3402698253
5891.90 -0.4799789385 0.3332190069
5892.10 -0.4523396367 0.3138687546
5892.30 -0.0836029076 0.3099276938
5892.50 -0.4177463483 0.3177112146
5892.70 0.0772848731 0.3553496345
5892.90 0.0244550013 0.3554152110
5893.10 -0.5544342107 0.3088373161
5893.30 -0.0752728361 0.3003719489
5893.50 -0.0343340821 0.2959788371
5893.70 -0.0156643948 0.3006317268
5893.90 0.5207331149 0.3026680971
5894.10 0.2154581564 0.3060398283
5894.30 -0.1805578980 0.3108984140
5894.50 0.0278562929 0.3230228670
5894.70 -0.2101233142 0.3365110787
5894.90 -0.5987586548 0.3523837826
5895.10 -0.5473592607 0.3802221173
5895.30 1.1044059344 0.4162991568
5895.50 -0.1363812835 0.4515852549
5895.70 0.1201079896 0.5636776832
5895.90 -1.2775080793 0.7941727440
5896.10 -0.5899085262 0.6043683567
5896.30 -0.1476061651 0.4624485486
5896.50 -0.4696657787 0.4194280441
5896.70 -0.2294019480 0.3901438846
5896.90 0.3477729556 0.3625582496
5897.10 -0.2685642392 0.3420822794
5897.30 0.2298321976 0.3239616616
5897.50 -0.4636973587 0.3085781770
5897.70 0.0139377774 0.3002296753
5897.90 -0.2228081431 0.2911084114
5898.10 -0.2930027168 0.2946868668
5898.30 -0.9193182436 0.2970311354
5898.50 -0.6228559043 0.2818719893
5898.70 0.0126278339 0.2736747359
5898.90 -0.7570022545 0.2714125013
5899.10 -0.4163945745 0.2945245607
5899.30 -0.5269735964 0.3312038047
5899.50 0.1581409179 0.2911369399
5899.70 0.2983156135 0.2700765831
5899.90 -0.3906614017 0.2654834655
5900.10 -0.1547068682 0.2744281271
5900.30 -0.9114703888 0.2704695024
5900.50 -0.1707259515 0.2611498414
5900.70 0.1443429600 0.2595290060
5900.90 -0.0175553561 0.2596146981
5901.10 0.1415694793 0.2594267392
5901.30 -0.0115332896 0.2598119995
5901.50 0.0631272953 0.2743723355
5901.70 -0.0622674269 0.2741243363
5901.90 0.5361913685 0.2599738656
5902.10 0.1267019773 0.2620116681
5902.30 -0.2984729717 0.2680443621
5902.50 -0.4740906878 0.2676290668
5902.70 0.0553555300 0.2566355923
5902.90 -0.0007086658 0.2535317291
5903.10 -0.0080298320 0.2574617360
5903.30 -0.1535508331 0.2792240448
5903.50 0.5231999515 0.2637390725
5903.70 -0.0268982813 0.2558452898
5903.90 0.0615839620 0.2570469668
5904.10 0.2844023078 0.2571402460
5904.30 0.0502135028 0.2553702705
5904.50 0.2378914998 0.2525335914
5904.70 -0.1593281631 0.2549048388
5904.90 0.0461969899 0.2586402529
5905.10 -0.3290391099 0.2553918238
5905.30 -0.0154897489 0.2588639557
5905.50 0.2020400978 0.2790686663
5905.70 -0.1280687615 0.2948214899
5905.90 -0.5246716648 0.2607474292
5906.10 -0.4498423728 0.2505556198
5906.30 -0.0778413082 0.2541399249
5906.50 -0.1147763302 0.2567151533
5906.70 -0.0281469686 0.2625103520
5906.90 -0.5614974492 0.2625838441
5907.10 -0.0750203320 0.2528712249
5907.30 -0.3459626174 0.2510973129
5907.50 0.0530880240 0.2539538687
5907.70 -0.0500323465 0.2582373314
5907.90 -0.0268357896 0.2616298510
5908.10 -0.0293008050 0.2538834987
5908.30 -0.1247439445 0.2523442478
5908.50 0.0214908367 0.2524462378
5908.70 -0.1154889282 0.2503039143
5908.90 0.2796002516 0.2509546148
5909.10 0.1452401498 0.2555727821
5909.30 -0.5074577514 0.2529987917
5909.50 0.4883639174 0.2500240491
5909.70 -1.0484499367 0.2506794740
5909.90 -0.9623045792 0.2787578505
5910.10 0.1386524196 0.2689694397
5910.30 0.3171229124 0.2536002169
5910.50 -0.0211587153 0.2525444052
5910.70 0.4660572055 0.2518121842
5910.90 -0.3586842271 0.2545458369
5911.10 -0.2321345937 0.2521299744
5911.30 0.1521279996 0.2487463993
5911.50 0.2350204355 0.2495983291
5911.70 -0.0397040370 0.2480615669
5911.90 -0.6552658747 0.2483427128
5912.10 -0.4878062831 0.2542375138
5912.30 -0.1003779528 0.2513955311
5912.50 -0.4699209539 0.2490026281
5912.70 -0.8530813071 0.2490883700
5912.90 -0.8632471415 0.2484226632
5913.10 0.1865789475 0.2534350977
5913.30 0.3240847061 0.2535935347
5913.50 0.1106988067 0.2507813203
5913.70 0.3351964969 0.2589243026
5913.90 0.3663180391 0.2732886793
5914.10 0.9321132130 0.3481855509
5914.30 -0.3306894156 0.3116988177
5914.50 0.6803224721 0.2623141585
5914.70 -0.5581461799 0.2500820744
5914.90 -0.5709622532 0.2484746233
5915.10 -0.9095612335 0.2500541453
5915.30 -0.4923753130 0.2507656339
5915.50 -0.2636827356 0.2646454476
5915.70 -0.0323371949 0.2607025087
5915.90 -0.5075149145 0.2598027661
