5870.10 0.1257531409 0.1504193536
5870.30 0.1628290583 0.1501860060
5870.50 0.1930609603 0.1502353076
5870.70 -0.2907089290 0.1502636115
5870.90 -0.2285148192 0.1499250711
5871.10 -0.5175864336 0.1508391886
5871.30 0.0488694315 0.1532482025
5871.50 -0.0369207473 0.1509773835
5871.70 -0.0779524274 0.1505350249
5871.90 -0.1588940946 0.1505393055
5872.10 0.0014858950 0.1503147174
5872.30 -0.0081416742 0.1503669769
5872.50 -0.2579291497 0.1499795294
5872.70 -0.2816416143 0.1510849701
5872.90 -0.1055323544 0.1555764300
5873.10 -0.2055096810 0.1671412614
5873.30 -0.1387052500 0.1581199164
5873.50 -0.4369455790 0.1510249865
5873.70 -0.1392470184 0.1534147523
5873.90 -0.0262358709 0.1520696744
5874.10 -0.1055961832 0.1500164029
5874.30 -0.1985179666 0.1496969398
5874.50 0.0232052935 0.1499765585
5874.70 0.1064730932 0.1501684174
5874.90 -0.1478562042 0.1500426752
5875.10 0.1784729440 0.1516941416
5875.30 0.2673702326 0.1515059959
5875.50 -0.1192559280 0.1527314975
5875.70 -0.0788225984 0.1532583735
5875.90 -0.0520475970 0.1520247064
5876.10 -0.3239283126 0.1541893830
5876.30 -0.1859759875 0.1559440168
5876.50 0.1127114742 0.1568328072
5876.70 0.2660912189 0.1530586450
5876.90 0.2954051619 0.1507107829
5877.10 0.3739376309 0.1510482503
5877.30 0.2381217368 0.1515677221
5877.50 -0.1288290312 0.1546567297
5877.70 -0.1812489803 0.1650878707
5877.90 0.2449371696 0.1592647611
5878.10 -0.3160736004 0.1523606452
5878.30 -0.2415318567 0.1506254108
5878.50 -0.0407604528 0.1513055206
5878.70 0.0518987421 0.1512275948
5878.90 0.0885901138 0.1525738415
5879.10 -0.0919088443 0.1520568317
5879.30 0.2389801415 0.1558390191
5879.50 -0.2994865492 0.1583125076
5879.70 0.0910313403 0.1612768193
5879.90 -0.2955634346 0.1638550600
5880.10 -0.2953844569 0.1688190973
5880.30 -0.0284251783 0.1674392988
5880.50 0.0008099206 0.1548182622
5880.70 -0.0551830043 0.1528006262
5880.90 0.0026897934 0.1537813105
5881.10 0.2751720938 0.1605719502
5881.30 0.0956157103 0.1616169617
5881.50 0.0238372241 0.1553770742
5881.70 0.1159313366 0.1555269623
5881.90 0.1738963934 0.1536639887
5882.10 0.0379501569 0.1529324855
5882.30 -0.0372191828 0.1528754861
5882.50 -0.2098985155 0.1532805567
5882.70 -0.0040172245 0.1546350257
5882.90 -0.0959094724 0.1553020766
5883.10 0.0768306898 0.1561544926
5883.30 0.3586105441 0.1568085564
5883.50 0.2315683103 0.1589516058
5883.70 -0.3941453173 0.1843103207
5883.90 -0.0744938731 0.1781404558
5884.10 -0.3463049745 0.1606413732
5884.30 -0.3332106884 0.1624054376
5884.50 0.1000692360 0.1632334385
5884.70 0.2222816897 0.1589275730
5884.90 -0.1961130439 0.1607546827
5885.10 0.1753643394 0.1616502518
5885.30 -0.2513906367 0.1610997299
5885.50 -0.2737098465 0.1617855836
5885.70 -0.2446518919 0.1610579714
5885.90 -0.0122896317 0.1616087111
5886.10 0.2098366658 0.1653117761
5886.30 0.1732337592 0.1667625499
5886.50 0.0274353791 0.1679118314
5886.70 -0.2225069914 0.1696556367
5886.90 0.1738912383 0.1713283372
5887.10 -0.3982911856 0.1720581906
5887.30 -0.2430300105 0.1774607412
5887.50 0.0702749171 0.1819112940
5887.70 -0.0989139425 0.1850163685
5887.90 -0.1917853188 0.1923125047
5888.10 0.0665181675 0.1973389467
5888.30 0.0480108662 0.2054275276
5888.50 0.0155299849 0.2148516182
5888.70 0.0936456011 0.2243195492
5888.90 0.3438869248 0.2372044505
5889.10 -0.0687382618 0.2502193527
5889.30 -0.4108892694 0.2671587499
5889.50 -0.2792027583 0.2916286984
5889.70 -0.0554475061 0.3654032486
5889.90 -2.6358327567 0.5034642418
5890.10 -0.1280493753 0.3985080698
5890.30 0.1280175578 0.3084971499
5890.50 -0.5787705689 0.2739927957
5890.70 0.5636768122 0.2565416285
5890.90 0.0517844349 0.2407130946
5891.10 -0.2358844921 0.2303619553
5891.30 -0.0552028886 0.2181762467
5891.50 0.0650528940 0.2071212532
5891.70 -0.4448613747 0.2014747139
5891.90 -0.3287586198 0.1961271542
5892.10 -0.2709258083 0.1889375551
5892.30 -0.0595706612 0.1887967736
5892.50 -0.0011358247 0.1912320660
5892.70 -0.0914780384 0.2153738158
5892.90 0.1088945953 0.2099862683
5893.10 -0.4141628512 0.1850004430
5893.30 -0.1258147190 0.1797580787
5893.50 -0.1375458945 0.1783550089
5893.70 0.0556103038 0.1808728047
5893.90 0.2662724431 0.1824607483
5894.10 0.2062178370 0.1861106347
5894.30 -0.1367428190 0.1890199856
5894.50 -0.2932991898 0.1949111762
5894.70 -0.0747208756 0.2039338836
5894.90 -0.0124561240 0.2157060841
5895.10 -0.2986663908 0.2313186802
5895.30 0.7385895233 0.2518808323
5895.50 -0.2012758303 0.2768181688
5895.70 0.0811981889 0.3591646704
5895.90 -0.5059280410 0.4782055731
5896.10 -0.3213864001 0.3493510074
5896.30 -0.0643428973 0.2757880677
5896.50 -0.2274790925 0.2492124890
5896.70 -0.2022153191 0.2302244711
5896.90 -0.0491539339 0.2149193664
5897.10 0.2623001569 0.2049378718
5897.30 -0.0029584019 0.1941705198
5897.50 -0.2597645785 0.1856251664
5897.70 -0.4703057385 0.1791024693
5897.90 -0.2271868608 0.1746545548
5898.10 -0.2400669488 0.1776024053
5898.30 -0.2744553541 0.1745812188
5898.50 -0.1666815042 0.1678362441
5898.70 -0.0919901900 0.1659426165
5898.90 -0.2121333257 0.1654246342
5899.10 -0.4356087467 0.1809834324
5899.30 -0.4851817647 0.1959380060
5899.50 -0.0815195163 0.1729483535
5899.70 0.1591084246 0.1629794548
5899.90 -0.2193653104 0.1597476596
5900.10 -0.1412728050 0.1604882945
5900.30 -0.6367362720 0.1586966164
5900.50 -0.2604229116 0.1576626561
5900.70 0.2071004059 0.1584241269
5900.90 0.0947914977 0.1573464747
5901.10 0.0197079495 0.1561220208
5901.30 -0.1332373337 0.1567423658
5901.50 -0.0469234359 0.1621433464
5901.70 -0.4699680429 0.1593505818
5901.90 0.2674354865 0.1560711553
5902.10 0.0100737713 0.1598223228
5902.30 -0.3874667859 0.1616352566
5902.50 -0.0897357633 0.1602632412
5902.70 0.1883378105 0.1551170373
5902.90 -0.0557893310 0.1534026430
5903.10 -0.2485123923 0.1574725693
5903.30 0.0209803822 0.1683795436
5903.50 0.1529861324 0.1572205539
5903.70 -0.0864217880 0.1533569328
5903.90 0.3697998764 0.1544467822
5904.10 0.2039378036 0.1550099694
5904.30 0.1493562380 0.1546252932
5904.50 0.0968488674 0.1527660916
5904.70 -0.0940646862 0.1545973098
5904.90 -0.0458424256 0.1559595175
5905.10 -0.2034539616 0.1544928158
5905.30 -0.1244028033 0.1558500245
5905.50 0.1723813404 0.1704106690
5905.70 -0.0237628312 0.1753051577
5905.90 -0.2446587976 0.1568634649
5906.10 -0.2562016647 0.1523371599
5906.30 -0.0437217000 0.1541272193
5906.50 -0.0615514886 0.1549307134
5906.70 -0.0465261441 0.1596551572
5906.90 0.0122693092 0.1587478948
5907.10 0.2905697506 0.1528345509
5907.30 -0.1852721538 0.1512123719
5907.50 -0.1322068593 0.1521535632
5907.70 -0.1080425507 0.1561850128
5907.90 -0.1306837011 0.1569655877
5908.10 0.0422345256 0.1524179719
5908.30 -0.2067885598 0.1516590566
5908.50 0.0652891278 0.1520335263
5908.70 0.0844100384 0.1519809065
5908.90 0.2901261788 0.1521739898
5909.10 -0.0154403017 0.1526532953
5909.30 -0.0810166868 0.1516795493
5909.50 0.1081583286 0.1511919908
5909.70 -0.3747604997 0.1542656120
5909.90 -0.4553348056 0.1702419452
5910.10 0.0638553365 0.1602454708
5910.30 0.1989996954 0.1518754402
5910.50 -0.1689318389 0.1510542543
5910.70 -0.0253072538 0.1512706303
5910.90 0.3274645504 0.1526414344
5911.10 -0.3489406926 0.1512263084
5911.30 -0.0464862798 0.1511703363
5911.50 -0.2184822818 0.1511351905
5911.70 -0.5075347267 0.1494451389
5911.90 -0.3092906101 0.1510279229
5912.10 0.0492728922 0.1536593874
5912.30 -0.1942211072 0.1514248988
5912.50 -0.4613110055 0.1507198209
5912.70 -0.2951772162 0.1507158001
5912.90 -0.2156714176 0.1501809050
5913.10 -0.0874857450 0.1515139553
5913.30 -0.1448255461 0.1519521800
5913.50 -0.1596823277 0.1524667123
5913.70 0.4768114081 0.1577300854
5913.90 0.4362158405 0.1696618432
5914.10 0.3874054347 0.2114356219
5914.30 -0.4052427160 0.1799723845
5914.50 0.2324767731 0.1563521437
5914.70 -0.0207355181 0.1517609292
5914.90 -0.3700957903 0.1509929766
5915.10 -0.3050300802 0.1510266851
5915.30 -0.2257863889 0.1523783457
5915.50 -0.2636449484 0.1594913045
5915.70 -0.1150643336 0.1554540695
5915.90 -0.9002993986 0.1564416552
