-1.990512398108117142e-02 -4.814848433612239909e-03 5.568294733648646716e-03
-1.703240864422942563e-02 8.631061992268040939e-04 5.795556320339965810e-03
-1.441404820645257774e-02 -5.408036439768060255e-03 5.855010373594085257e-03
-1.168497052045034366e-02 -7.787699652995749844e-04 5.596239248958407957e-03
-8.758389439348344269e-03 -3.707366409474111002e-03 6.339408792545342224e-03
-6.020333166233769046e-03 -8.480215966544246697e-04 5.911261070135519040e-03
-3.153602591052952816e-03 -3.945535366917440889e-03 5.728181593036279530e-03
-4.903575241985969318e-04 -1.204148379515213030e-03 5.257670115774620671e-03
2.466144957581471123e-03 2.246724175818393121e-04 4.570373901123966215e-03
5.039618117836574748e-03 -2.874151550786074871e-03 4.017982680983269578e-03
7.891387992678355889e-03 9.682899056540072991e-05 4.019001309572483444e-03
1.060251139366780171e-02 -3.006040481342564519e-03 3.753466369377015961e-03
1.337647635719178135e-02 4.507264058998927680e-03 3.808816324367356350e-03
1.620729824196319446e-02 -2.929455606856534722e-03 3.286397123075620371e-03
1.898425691054475561e-02 -7.164274523996372324e-05 3.007083465468427062e-03
2.049103689178799481e-02 3.501216921010241734e-04 7.379695344029585553e-03
