-2.229162672934786177e-02 -4.536640781263368005e-03 4.419190680905321633e-03
-1.955079910010772137e-02 2.932248734141440494e-03 4.749460342855552596e-03
-1.678902600885761112e-02 -4.230215440091722456e-03 5.038770403895090691e-03
-1.395244953629616938e-02 -4.345825760590726894e-03 5.003695055505215719e-03
-1.124154318735026518e-02 1.089744275895632164e-02 5.208718052304607028e-03
-8.596464521815254042e-03 -5.949008239361175399e-03 5.458245284293540556e-03
-5.819730730226114340e-03 -6.931069904480668953e-03 7.090717660508838449e-03
-2.923311456308533111e-03 -7.418863640448747354e-03 6.797608401676811726e-03
-1.046867406994684283e-04 7.041975016807922039e-03 6.491049395753486877e-03
2.695983569512980498e-03 -1.402912511213372238e-02 5.632357007357953818e-03
5.251295625337211274e-03 1.965510922952717898e-03 5.089359444821943933e-03
8.108817559908618536e-03 2.595333790530007789e-03 5.165501285398912262e-03
1.087358182815589998e-02 -1.319076340753222443e-02 5.150223743745806909e-03
1.365330667635838643e-02 6.139509731702075257e-03 5.102105503412488786e-03
1.636421290492046099e-02 -3.765290336106286162e-04 4.847322303443476338e-03
1.921275902120759410e-02 1.685982856436951671e-03 4.713251077228641783e-03
2.202539644708532279e-02 -4.398088879593586853e-03 4.195985370414490045e-03
2.465551441228130275e-02 2.558744281163649603e-04 4.012168674994107467e-03
