5870.10 -0.1702508365 0.0454158160
5870.30 -0.0402877276 0.0454189662
5870.50 -0.0082444670 0.0454264210
5870.70 -0.0196762226 0.0453981939
5870.90 -0.0435137084 0.0453560925
5871.10 -0.1016841370 0.0453377245
5871.30 -0.0881824890 0.0453448012
5871.50 -0.0158933996 0.0453592338
5871.70 -0.0812053498 0.0453348323
5871.90 0.0089032198 0.0453546441
5872.10 -0.0256135586 0.0453960456
5872.30 -0.0504846380 0.0455244745
5872.50 -0.1260182387 0.0455315505
5872.70 -0.0444280461 0.0455851148
5872.90 -0.0932437897 0.0456420260
5873.10 -0.0583134079 0.0456808693
5873.30 0.0407820982 0.0457031083
5873.50 -0.0635241691 0.0456577618
5873.70 0.0213647892 0.0456597638
5873.90 -0.0073966396 0.0456162325
5874.10 0.0883582151 0.0455798301
5874.30 0.0156345799 0.0453908726
5874.50 -0.0026264092 0.0453463308
5874.70 -0.0937805666 0.0453108294
5874.90 -0.0302995039 0.0452539641
5875.10 -0.0271114038 0.0452624022
5875.30 -0.0206044493 0.0453156938
5875.50 -0.1371721848 0.0453296561
5875.70 0.0460505129 0.0454052477
5875.90 -0.1229618025 0.0453765436
5876.10 -0.0522481308 0.0453960881
5876.30 -0.0042299074 0.0453970554
5876.50 -0.0893583382 0.0453783807
5876.70 -0.0494725938 0.0454117844
5876.90 -0.0621146613 0.0455240670
5877.10 0.0307612787 0.0455755431
5877.30 0.0306186886 0.0455385074
5877.50 0.0328142681 0.0455047563
5877.70 -0.0952073662 0.0454573603
5877.90 0.0021389143 0.0454841510
5878.10 0.0152426120 0.0454904980
5878.30 0.0065421176 0.0454802242
5878.50 -0.0822086994 0.0455084441
5878.70 -0.0531375924 0.0455571426
5878.90 0.0377348482 0.0454796276
5879.10 0.0284801435 0.0455452392
5879.30 -0.0916775048 0.0455921378
5879.50 -0.0802869507 0.0456557566
5879.70 -0.0763885481 0.0456864633
5879.90 -0.0630582646 0.0457041746
5880.10 -0.1053125222 0.0456919165
5880.30 -0.0259951650 0.0458094279
5880.50 -0.0237129255 0.0458066243
5880.70 -0.0283049248 0.0457424063
5880.90 -0.0240490953 0.0457243850
5881.10 -0.0281126428 0.0456133892
5881.30 0.0250495765 0.0455611208
5881.50 -0.0033800154 0.0455250120
5881.70 -0.1156925601 0.0454786454
5881.90 0.0167747061 0.0454947622
5882.10 -0.0379614532 0.0454824860
5882.30 -0.0062742085 0.0453885875
5882.50 -0.0775271464 0.0452925659
5882.70 -0.0889954579 0.0453827587
5882.90 -0.0093907714 0.0459065233
5883.10 -0.0219445874 0.0461111362
5883.30 -0.0491316326 0.0461910410
5883.50 -0.0666039717 0.0462309690
5883.70 0.0571738883 0.0463332070
5883.90 0.0384023933 0.0463744481
5884.10 0.0071634653 0.0463843132
5884.30 0.0088364510 0.0463825705
5884.50 -0.0488982938 0.0463514550
5884.70 0.0211550335 0.0463107994
5884.90 0.0148739557 0.0457571978
5885.10 0.0330921634 0.0455821463
5885.30 -0.0187518782 0.0455959698
5885.50 0.0321369588 0.0456085189
5885.70 0.0071467189 0.0456006126
5885.90 -0.1577130683 0.0456045000
5886.10 -0.0491291676 0.0456088335
5886.30 -0.1112372601 0.0456014631
5886.50 0.0161779490 0.0456346774
5886.70 -0.0992631007 0.0456398304
5886.90 0.0010190341 0.0456855676
5887.10 -0.0825660774 0.0457061767
5887.30 -0.0906007307 0.0457159029
5887.50 0.0233240372 0.0457868912
5887.70 -0.0098641621 0.0458504497
5887.90 -0.0768372094 0.0459159481
5888.10 0.0247612956 0.0460345517
5888.30 0.0194917465 0.0461869028
5888.50 0.0278064384 0.0464365966
5888.70 -0.1045227925 0.0469567498
5888.90 -0.0567178107 0.0484019648
5889.10 -0.0761560128 0.0505575226
5889.30 -0.1267083612 0.0520572838
5889.50 -0.2220817272 0.0529016791
5889.70 -0.3880300857 0.0533854555
5889.90 -0.4623622662 0.0537252371
5890.10 -0.1900345221 0.0539080658
5890.30 -0.1036445720 0.0538535891
5890.50 -0.0418092348 0.0533002453
5890.70 -0.0680758552 0.0523103563
5890.90 0.0106129888 0.0505668909
5891.10 -0.1030590428 0.0482482388
5891.30 -0.0466272310 0.0471672122
5891.50 -0.0937962990 0.0467456862
5891.70 -0.0369753378 0.0466687754
5891.90 -0.0670925711 0.0471215104
5892.10 -0.1133193580 0.0473304529
5892.30 0.0059333287 0.0472583059
5892.50 -0.0357655198 0.0471481422
5892.70 0.0783241330 0.0471898887
5892.90 0.0422260929 0.0471636919
5893.10 -0.0088960634 0.0470661048
5893.30 0.0470634872 0.0469935644
5893.50 0.0790936735 0.0468813273
5893.70 -0.0406330913 0.0467139798
5893.90 -0.0694964427 0.0461371118
5894.10 0.1293709645 0.0458853721
5894.30 0.0702200839 0.0459265147
5894.50 -0.0174491292 0.0460442569
5894.70 -0.0054745260 0.0464697188
5894.90 -0.0209732501 0.0478410958
5895.10 -0.0319501304 0.0496991097
5895.30 -0.1355166520 0.0507723790
5895.50 -0.1677844859 0.0513539679
5895.70 -0.3832866932 0.0517185077
5895.90 -0.3931704112 0.0520204847
5896.10 -0.3856656774 0.0520608751
5896.30 -0.0865158934 0.0520591912
5896.50 -0.0401427080 0.0517285769
5896.70 0.0181253140 0.0511556100
5896.90 -0.0796867310 0.0495101040
5897.10 -0.0935575120 0.0474989330
5897.30 -0.1150814762 0.0468507700
5897.50 0.0360861448 0.0465950864
5897.70 -0.1151178006 0.0463828186
5897.90 -0.0237623644 0.0462934460
5898.10 -0.1067501984 0.0462235099
5898.30 0.0214453626 0.0462388172
5898.50 -0.1019459822 0.0462982487
5898.70 0.0212236432 0.0464801290
5898.90 -0.0050092789 0.0465442931
5899.10 -0.0485779783 0.0465301851
5899.30 -0.0624411737 0.0464138915
5899.50 0.0087787814 0.0463985756
5899.70 -0.0064408489 0.0463528090
5899.90 -0.0530952127 0.0462940342
5900.10 -0.0124682009 0.0462511384
5900.30 -0.0745327668 0.0460931568
5900.50 -0.0041988072 0.0458741041
5900.70 -0.0472276992 0.0456443346
5900.90 -0.0517233680 0.0455579588
5901.10 -0.1845590546 0.0454996183
5901.30 -0.0692399801 0.0455499344
5901.50 -0.0079545595 0.0456524288
5901.70 -0.0531732550 0.0456889114
5901.90 -0.0369194500 0.0457172927
5902.10 -0.0042115423 0.0457077472
5902.30 -0.0701374413 0.0456865841
5902.50 -0.0981926191 0.0456564189
5902.70 -0.0355940557 0.0456090304
5902.90 0.0535197756 0.0456037812
5903.10 -0.0763605476 0.0455507061
5903.30 -0.0207585828 0.0455740762
5903.50 -0.0787952358 0.0454738299
5903.70 -0.0640230185 0.0453917694
5903.90 0.0220431752 0.0454465607
5904.10 0.0647492544 0.0454907718
5904.30 -0.0986279608 0.0454555396
5904.50 0.0701645569 0.0454888989
5904.70 -0.0723505675 0.0458469671
5904.90 -0.0838286261 0.0460949808
5905.10 0.0404946007 0.0462023952
5905.30 -0.0887675812 0.0461407533
5905.50 0.0488863553 0.0462370594
5905.70 0.0118753653 0.0463139345
5905.90 -0.0378969153 0.0463907669
5906.10 -0.0049417636 0.0463887175
5906.30 -0.0304745164 0.0463392096
5906.50 -0.0655473790 0.0463082548
5906.70 -0.0469759493 0.0459295308
5906.90 -0.1677895587 0.0456153287
5907.10 -0.0657964065 0.0456397190
5907.30 -0.2207130925 0.0456035036
5907.50 -0.1019837399 0.0455738158
5907.70 -0.0152249124 0.0455582496
5907.90 -0.0996995975 0.0454106213
5908.10 -0.1324262189 0.0453325189
5908.30 -0.0392951731 0.0453419581
5908.50 0.0305913925 0.0453539407
5908.70 0.0600589412 0.0453568397
5908.90 -0.0909655376 0.0453709640
5909.10 -0.1492300596 0.0455696015
5909.30 0.0539502501 0.0457180472
5909.50 0.0462592342 0.0457489911
5909.70 -0.0768291673 0.0457376897
5909.90 -0.0266096163 0.0457590350
5910.10 -0.0300012016 0.0457707555
5910.30 -0.0460682339 0.0457419394
5910.50 -0.1974986862 0.0456728578
5910.70 -0.0650706528 0.0456866981
5910.90 -0.0345630389 0.0456294340
5911.10 0.0653693469 0.0453798492
5911.30 0.0050348647 0.0453065352
5911.50 -0.1464579077 0.0452685202
5911.70 -0.0404423698 0.0452965719
5911.90 -0.0084220369 0.0453101430
5912.10 -0.0519107320 0.0453058151
5912.30 -0.0612197427 0.0453022806
5912.50 0.0132182058 0.0453318940
5912.70 0.0062873018 0.0453460087
5912.90 0.0372903343 0.0454135534
5913.10 -0.0529554741 0.0458205351
5913.30 0.0076917637 0.0466616740
5913.50 0.0492279501 0.0470046307
5913.70 -0.0259149769 0.0470627436
5913.90 -0.0515688660 0.0471118170
5914.10 0.0217164345 0.0472292828
5914.30 -0.0441343158 0.0472526504
5914.50 -0.0251723725 0.0472177826
5914.70 -0.0441476418 0.0471285006
5914.90 -0.0720090529 0.0470281841
5915.10 -0.1432420318 0.0466690136
5915.30 -0.1093314819 0.0460625479
5915.50 -0.1516778545 0.0460113985
5915.70 -0.1609089290 0.0460931865
5915.90 -0.0453194742 0.0461572493
