-6.441399121418969753e-02 2.179716524096209085e-03 2.143505541323457823e-03
-6.041688298320924827e-02 -2.377691141180915402e-03 2.094016164159297894e-03
-5.638140225386473192e-02 1.033257158128408904e-04 2.037006276640779788e-03
-5.237789603360681195e-02 4.774856421443374188e-04 1.928959524489109317e-03
-4.833602246075174164e-02 1.941065289329912957e-03 1.869712944081215484e-03
-4.430054173140723223e-02 -1.134331219203699170e-03 1.955356474043870672e-03
-4.022668824641030538e-02 7.914831841560054926e-04 1.942778805099725425e-03
-3.614643651484757136e-02 -3.636753676155235482e-03 1.853703420652997626e-03
-3.215572678772126575e-02 -2.039316442006611219e-03 1.765074117588626710e-03
-2.819698565204963731e-02 -4.062134690381302704e-04 1.752273509050569214e-03
-2.412953041361852111e-02 -2.754897478277396061e-03 1.785008606647294502e-03
-2.005567692862159773e-02 -3.865038693359301725e-03 1.843829990758588189e-03
-1.605856895492949188e-02 -2.289010814192748988e-03 1.987052289408974652e-03
-1.201669538207441636e-02 -7.368868434860620376e-03 2.100786446840397035e-03
-7.936443650511685807e-03 -3.156266623670522797e-03 2.285040565842013770e-03
-3.900962921167171627e-03 -2.157821742397869613e-04 2.336553822927292610e-03
9.614505252493387387e-05 2.729590043520913056e-03 2.362996219356610587e-03
4.138018625380008447e-03 1.493505832462105332e-03 2.351534327560061283e-03
8.128734012849898535e-03 -2.129359779876716097e-03 2.276152608264125736e-03
1.220258183750323223e-02 -1.042027374323462041e-03 2.139247053039987703e-03
1.624446081341355402e-02 7.045691110834084725e-04 1.969999452396918593e-03
2.031831429841047740e-02 -3.086148723745463229e-04 1.897285612039484705e-03
2.427065152717271593e-02 5.649534547021772823e-03 1.956541150351165121e-03
2.834450501216963583e-02 -4.692071544067255573e-03 1.845516418291041081e-03
3.230324048749767807e-02 3.029993823486232252e-03 1.917631842820250376e-03
3.641546672814700847e-02 -3.732192497862829583e-04 1.871781932946815817e-03
4.025908393651782269e-02 -2.573253813035969451e-03 2.359427956661014607e-03
4.453119352871066916e-02 -6.019193788153742730e-04 2.218839480030506892e-03
4.852830175969112536e-02 2.522468774838415584e-03 2.141491317129280876e-03
5.256378248903562089e-02 -7.466288409192389786e-03 2.188710070008742688e-03
5.664402856025477911e-02 -2.048035910634515844e-04 2.170358145778417385e-03
6.059637144936058650e-02 1.688590099643727527e-03 2.205155935909911945e-03
6.459347942305269930e-02 -2.929599704374341584e-03 2.290996455968136516e-03
6.882081827031567844e-02 2.001969348812138172e-03 2.457553235301812664e-03
7.277955348835536686e-02 5.600705617194723374e-04 2.268641962782199945e-03
7.674468721024921281e-02 -2.068225145034019441e-03 2.319202685737171282e-03
8.077376969302792198e-02 -5.210628689772733857e-03 2.574800075779079545e-03
8.484762317802484188e-02 -1.717206401671722560e-03 2.562289163523276229e-03
8.892147125996650858e-02 -2.185440430478857721e-03 2.550281318745649395e-03
