-5.916140616735785646e-02 -1.584832385048917658e-03 2.451905371121065186e-03
-5.520298587025256054e-02 1.014745691042318043e-03 1.630639252991730563e-03
-5.128293241116772816e-02 1.799066555535300260e-03 1.615986525863232545e-03
-4.728614476146526802e-02 8.978667339676338344e-05 1.665445470951937377e-03
-4.328296452554058343e-02 -6.835818636113932811e-04 1.756427487116911336e-03
-3.917106992956808503e-02 -3.532506975828186846e-03 1.943628265818842828e-03
-3.513590952421320746e-02 -2.729528108254775098e-03 1.988098521608957191e-03
-3.110075477920192996e-02 -5.207688460095893923e-03 2.166930763857544996e-03
-2.706559437384705238e-02 -3.443332689182065920e-03 2.246967367826212952e-03
-2.294730693436398614e-02 -1.124219126952752390e-02 2.394052563470631077e-03
-1.886738684747808412e-02 -3.038536163270544321e-03 1.754161940124473887e-03
-1.490896629308443959e-02 -4.031765826158939525e-03 1.837127911987736228e-03
-1.091217890067032112e-02 -5.443885042337281988e-03 1.960035462219285145e-03
-6.915391250967857506e-03 -4.184686172236773416e-03 2.224751130331301379e-03
-2.918603601265394327e-03 -6.240608779093381742e-04 2.287190560046915670e-03
-1.112682041612357206e-04 -3.239633604965708180e-03 2.810528711790018491e-03
2.670500192802550098e-03 -8.138830313419664897e-03 2.858816093424245471e-03
5.452263186711089893e-03 -7.373879434919183851e-03 2.847338218808190789e-03
8.182868252522790264e-03 -1.695605180296655412e-03 2.716441726351673681e-03
1.096463124643132919e-02 -7.502076739684615525e-03 2.591454506488658285e-03
1.370162889846524359e-02 1.354782819819488893e-03 2.399150472013873367e-03
1.643223370698859709e-02 -2.370415235489642392e-03 2.355296167759281939e-03
1.923957862376152531e-02 -1.096855886232317445e-03 2.190053438725609626e-03
2.197018343228487880e-02 -3.237324442181277462e-03 2.038090632530844756e-03
2.470078849809657917e-02 -2.995417823922097433e-03 1.991284088237525642e-03
2.751452600109172489e-02 -9.226375026908373300e-04 2.019718176000179916e-03
3.024513080961508185e-02 -4.804729236820626248e-03 2.055714935754757253e-03
3.302689946386721392e-02 -4.920177926152957681e-03 2.081847335838491082e-03
3.578947878147716727e-02 7.634994267811112678e-04 1.809993943708772344e-03
3.852008384728886764e-02 -4.749845204175651148e-03 1.823836740213259514e-03
4.096291755945611485e-02 -1.067027392147812392e-03 1.856174462657419469e-03
4.377665583431629426e-02 -3.502363352993143053e-03 1.700473268395720017e-03
4.648167897726360187e-02 2.120801609087008543e-03 1.781729774592884967e-03
4.920589119956474133e-02 2.497107937039499959e-03 1.802327379763397864e-03
5.164233232550977104e-02 2.538540483224549504e-04 1.921304584907959721e-03
5.403400888144520298e-02 1.555567369356136709e-03 1.936590851233443078e-03
5.655997605994927263e-02 -1.107125993944357845e-04 2.045594046496061746e-03
5.900281620432513974e-02 4.708464514086019292e-04 2.038322978526596954e-03
6.139449276026057861e-02 1.112653164875521128e-03 2.039401222460539721e-03
6.381174557871681363e-02 -2.760376932863017885e-03 2.009155472430447509e-03
6.626737115282545221e-02 1.159022034273871071e-03 2.198590306785350428e-03
6.939446270419448448e-02 -2.356249907796925669e-03 1.967458402600750968e-03
7.244481234629551736e-02 -1.115224056984165379e-03 1.920095261589523832e-03
7.554632017378173914e-02 -4.535695545433426901e-04 1.880356559127070726e-03
7.852632280843210855e-02 1.746161961471148771e-03 1.915462920659424069e-03
8.187722820475699936e-02 -1.449404538095389050e-03 2.032401377577757341e-03
8.489560333777142198e-02 2.111311894886558349e-03 1.993118256472374041e-03
8.896273567932945492e-02 -1.488465564733476576e-03 1.691027573878048926e-03
9.303626317999313944e-02 -1.381069501193321614e-03 1.792835046528431934e-03
