-5.150811451554279663e-02 -9.475233500426227806e-03 2.835486124841559742e-03
-4.909092782019125467e-02 2.519769265494131716e-03 2.992349146240143743e-03
-4.696789888978609995e-02 3.710712201430599322e-03 2.988201040657978945e-03
-4.484486970209260182e-02 2.103158337072308370e-03 2.972506360445678706e-03
-4.274101878764243606e-02 -3.418390844710517129e-04 2.854570009457603821e-03
-4.058602075120592428e-02 -3.364364459821356235e-04 2.715739866094512081e-03
-3.850135325576599377e-02 3.070987642733613576e-03 2.727329232306122814e-03
-3.633995697276368175e-02 1.497914344580686397e-03 2.801900997418368781e-03
-3.425529513766734785e-02 7.051113259876062855e-04 2.874729606421045237e-03
-3.213226594997384278e-02 2.856820063232290430e-03 2.936805217158410843e-03
-3.000283877300288088e-02 -1.091991385798452008e-02 2.795657854314324581e-03
-2.786062590901080063e-02 -3.415908646996590470e-03 2.913839883137209295e-03
-2.577596407391445979e-02 -1.255589029483750174e-03 2.911345139600784570e-03
-2.358898612533610537e-02 -1.195637752565148482e-03 2.816547536364598110e-03
-2.148514061394118241e-02 -4.610871830291407569e-03 2.850645134645325880e-03
-1.938129510254626639e-02 -3.504337723258310611e-03 2.949464631566424758e-03
-1.727744959115134690e-02 -5.065995876527895625e-03 3.006385950953743141e-03
-1.514162957066982583e-02 -5.030133074933273996e-03 3.210772184274216304e-03
-1.305696773557348846e-02 -4.742879356936402502e-03 3.693987352748406578e-03
-1.087638777627258913e-02 -4.787013972093245862e-03 4.240081212399654000e-03
-8.727776923003045112e-03 -3.112897930677593905e-03 4.074504956383194487e-03
-6.611145981875351553e-03 -8.196331239935239488e-03 3.817217220700711965e-03
-4.526484146779014180e-03 -2.341636255932200150e-03 4.042905541490699785e-03
-2.409847802596073920e-03 -7.881314951654672107e-03 4.129280684122402754e-03
-2.292678432951753475e-04 -3.743250634592909520e-03 4.544122685398424046e-03
1.817026896492345217e-03 1.075495079712052160e-03 4.294177651557509919e-03
3.908086978154489549e-03 -6.257461685253429273e-03 4.647183592991133670e-03
6.050299584858226387e-03 -2.943918725994421060e-03 4.520677590520556788e-03
8.237272130381339749e-03 -3.571965637703344854e-03 4.783144612712559966e-03
1.039867381643890323e-02 -1.027904539775614801e-02 4.629245995277080084e-03
1.244496855622642326e-02 -8.222773992093368456e-03 4.143536809598776655e-03
1.458718142021850697e-02 -1.969969090924617028e-03 3.763538121347900778e-03
1.669102693161342646e-02 -3.459600217112002163e-03 3.423421032954793251e-03
1.883323953831715983e-02 -6.354892890199970168e-03 3.119283437868912608e-03
2.095626846872231455e-02 -6.620491717806209486e-03 2.833942111325534613e-03
2.307929765641581268e-02 -2.024586317686871695e-03 2.707570762628860525e-03
2.520232684410931429e-02 1.392107217938365338e-03 2.771436720386524690e-03
2.733814660730249022e-02 -5.858267898422142572e-03 2.737649912421015463e-03
2.942920128590939197e-02 -7.332208090610192741e-03 2.662032297344765937e-03
3.151386337829407275e-02 -4.504779952616444483e-03 2.881166484008896873e-03
3.368805049408440944e-02 -4.890683753749569540e-03 3.115551222892507226e-03
3.583026310078814280e-02 -5.492810867315567336e-03 3.031748998553290744e-03
3.795329769153689414e-02 -2.647693408820872563e-03 3.050841454116568884e-03
4.009551029824062751e-02 3.162574696107922634e-03 2.873981629895098599e-03
4.219935580963554700e-02 -2.140114199865150724e-03 2.995132959623603847e-03
4.426483422572165261e-02 -7.587690726208795589e-03 2.742578028235843641e-03
4.640064858585957880e-02 -1.062837328833055039e-03 2.853246447553521407e-03
4.854286119256331217e-02 -8.003442118964865237e-03 2.850306283306718730e-03
5.058276334612862163e-02 -1.124547483397420056e-02 3.164995161927114387e-03
5.281450123352636472e-02 -6.495357275729807256e-03 3.167833206472908756e-03
5.491834674492127727e-02 7.891413497222998785e-04 3.177644326929087836e-03
5.700940142352817208e-02 2.549651592922863585e-03 3.282020562144131667e-03
5.924753755749171541e-02 -5.910319690506371515e-04 3.201051958552709326e-03
6.129383229727923543e-02 3.482247077106648270e-03 2.910273627651829495e-03
6.343604490398296880e-02 1.114312999435651541e-02 2.932716072356821631e-03
6.552709958258987055e-02 -1.572262895252807269e-03 2.774858954569317093e-03
6.768849560830385304e-02 -8.719605741666081045e-04 2.634160074848519717e-03
6.979234111969875864e-02 2.932432114664540457e-03 2.525952671016643003e-03
7.191537030739227065e-02 2.135884095914253322e-03 2.612123766233501610e-03
7.407676659039458267e-02 1.494497206285139157e-03 2.740821953533159171e-03
7.650034587196834213e-02 -5.376786587554249763e-03 2.648799782441286534e-03
7.864255847867207549e-02 1.340483772575340460e-03 2.701867430187515542e-03
8.070803689475818110e-02 3.283211013050402194e-03 2.534968574637583034e-03
