-8.938577226379375296e-02 -9.872376228458046299e-04 1.990733134721987211e-03
-8.538219966314279652e-02 -2.480071185928300892e-03 1.783776654905979211e-03
-8.130188155118703297e-02 -7.119944607292261196e-04 1.668905499792151716e-03
-7.733668710924374023e-02 -1.341701666838002183e-03 1.675509144587424655e-03
-7.326276750114213421e-02 1.057820788163521541e-03 1.690226257351660566e-03
-6.922722039140458139e-02 1.091180347056797117e-03 1.711622804250996412e-03
-6.519167328166702857e-02 -5.583986332720058954e-04 1.706476668912766063e-03
-6.119449892758190013e-02 5.215050683577970858e-04 1.753414008740627160e-03
-5.712057906219194375e-02 -3.019414220334026844e-03 1.868664636274555962e-03
-5.316177746375919805e-02 8.180153167068437980e-03 1.924165188998523462e-03
-4.908785759836924167e-02 -2.093684965055686575e-03 1.940553277519993557e-03
-4.497556523461522515e-02 8.440445912931693329e-04 1.951975218108859857e-03
-4.090164536922526878e-02 -1.130081834527896234e-03 2.002215435563557341e-03
-3.690447101514012646e-02 -1.680319505205640773e-03 1.959592642957189244e-03
-3.286892390540257364e-02 7.498165637940257255e-04 1.974835383274287180e-03
-2.891012204968150534e-02 -7.205942200371295847e-03 2.006210730355632334e-03
-2.483620244157988891e-02 -5.099708217595644300e-03 2.026595876781642040e-03
-2.083902808749475005e-02 -1.684261096924766221e-04 2.086401362634787530e-03
-1.680348097775719723e-02 -5.125763340962263825e-03 2.225843316146748890e-03
-1.276793386801965136e-02 -9.769387878232449474e-03 2.463551707229063095e-03
-8.694014002629691512e-03 -2.843314290649101572e-03 2.565793923487279075e-03
-4.658466892892143031e-03 -3.964747837801652075e-03 2.524072365942787825e-03
-6.612925388070024432e-04 1.748987260459022863e-03 2.619283850981490597e-03
3.412627326582956099e-03 -1.529559735812924259e-03 2.688928118462116136e-03
7.409801680668095386e-03 -6.894353061277058714e-03 2.647485626136565975e-03
1.160523780229274528e-02 -7.863045396925505415e-03 2.492848902399030699e-03
1.552566664507306661e-02 -4.627114767312257015e-03 2.178016465285387976e-03
1.963795926611543174e-02 -5.276873030603423942e-03 1.972789525341260911e-03
2.355838810889575308e-02 -2.356586427607609835e-04 1.832158574922046999e-03
2.767068072993811995e-02 -4.602377065565987913e-03 1.796921510617103005e-03
