5870.10 -0.1442550843 0.1009569606
5870.30 -0.0823778794 0.1009530126
5870.50 0.0953055636 0.1010558762
5870.70 -0.0225172893 0.1009407073
5870.90 0.1484842996 0.1009812763
5871.10 -0.1050623537 0.1008417175
5871.30 -0.0655423323 0.1008523988
5871.50 0.2232468890 0.1010086007
5871.70 -0.0492351068 0.1008152154
5871.90 0.1051501367 0.1008742705
5872.10 -0.1544558725 0.1009269751
5872.30 -0.0004530171 0.1014453092
5872.50 -0.1562188225 0.1012833353
5872.70 -0.1754271616 0.1013371635
5872.90 -0.0644749014 0.1015834867
5873.10 -0.2642329168 0.1014355555
5873.30 -0.0408051663 0.1015594492
5873.50 -0.0748558839 0.1014982856
5873.70 -0.0851509603 0.1013010166
5873.90 -0.2786469398 0.1010364168
5874.10 0.0709371620 0.1012282615
5874.30 0.1213058089 0.1009109622
5874.50 0.0017350819 0.1007650844
5874.70 -0.1636790017 0.1007156297
5874.90 0.0878472322 0.1007276658
5875.10 0.0954284878 0.1007633668
5875.30 -0.0703195677 0.1008497184
5875.50 0.0729077173 0.1010213934
5875.70 0.0223727592 0.1010262957
5875.90 -0.2225966104 0.1008968612
5876.10 -0.1231446560 0.1009109096
5876.30 0.1784145991 0.1010651662
5876.50 -0.2740800878 0.1008525461
5876.70 0.0759419862 0.1011076804
5876.90 -0.1429789061 0.1013377902
5877.10 0.1252233000 0.1014411668
5877.30 0.0495387855 0.1013213141
5877.50 0.0818824040 0.1012423575
5877.70 -0.1506594365 0.1010739825
5877.90 0.0588136390 0.1012068647
5878.10 -0.0657315807 0.1011665490
5878.30 0.0522810112 0.1011009430
5878.50 -0.2877872376 0.1010141950
5878.70 -0.2275677971 0.1012272478
5878.90 0.0871014397 0.1012402480
5879.10 -0.0299429209 0.1014722220
5879.30 -0.1205884693 0.1015281945
5879.50 -0.0976869242 0.1016109212
5879.70 0.0860896276 0.1017623230
5879.90 0.1302480995 0.1017820463
5880.10 0.0576508663 0.1016576261
5880.30 -0.0409748215 0.1019734612
5880.50 -0.1616335314 0.1018636119
5880.70 -0.0623437630 0.1016361247
5880.90 -0.2874882030 0.1014634216
5881.10 -0.0234943166 0.1013906558
5881.30 0.0303290972 0.1013306852
5881.50 -0.0160074887 0.1012735924
5881.70 -0.1683367544 0.1011205693
5881.90 0.0321392663 0.1010652412
5882.10 0.0866058392 0.1011230599
5882.30 -0.0199917103 0.1008916039
5882.50 0.1035895761 0.1008551167
5882.70 -0.0598486244 0.1011170725
5882.90 -0.0261770829 0.1028586716
5883.10 0.1049718621 0.1029741364
5883.30 0.0536448620 0.1030243997
5883.50 0.0271378037 0.1030207685
5883.70 -0.0071592174 0.1029591893
5883.90 0.1387376476 0.1032257055
5884.10 0.0066416871 0.1033401386
5884.30 -0.0471713697 0.1029229641
5884.50 -0.0019820257 0.1024656707
5884.70 0.1465370423 0.1026170201
5884.90 -0.1717409445 0.1015135034
5885.10 0.1047456258 0.1014434591
5885.30 0.0448373471 0.1015486669
5885.50 0.1590966762 0.1016366232
5885.70 0.1174249340 0.1015707893
5885.90 -0.0605735414 0.1015440855
5886.10 0.0481435056 0.1015312993
5886.30 -0.2507959378 0.1014776039
5886.50 0.0752565428 0.1016618168
5886.70 -0.0153860449 0.1017419773
5886.90 0.2213007575 0.1018799297
5887.10 -0.0063985299 0.1018183540
5887.30 0.0775737315 0.1019003761
5887.50 0.0548574113 0.1019570684
5887.70 0.1581645124 0.1022246771
5887.90 -0.0489626810 0.1023487230
5888.10 0.0670569401 0.1026761298
5888.30 0.1040632550 0.1030068661
5888.50 -0.0412131947 0.1037020615
5888.70 -0.1885379305 0.1053479223
5888.90 0.0036985553 0.1100795137
5889.10 -0.2410186622 0.1160427433
5889.30 -0.2126609294 0.1183646372
5889.50 -0.1774008390 0.1194492940
5889.70 -0.5437253457 0.1194349203
5889.90 -0.5232838069 0.1195183280
5890.10 -0.2096217135 0.1199283272
5890.30 -0.0161677517 0.1193531512
5890.50 -0.0857561715 0.1157731515
5890.70 0.1740034944 0.1128382497
5890.90 -0.1028836109 0.1099425208
5891.10 0.0648952578 0.1063090180
5891.30 0.0393052551 0.1045862185
5891.50 -0.2740588076 0.1038805765
5891.70 0.2149424982 0.1041347918
5891.90 -0.0176429338 0.1056093227
5892.10 0.0787101965 0.1058733080
5892.30 -0.1101479679 0.1053194594
5892.50 0.0115506537 0.1051440515
5892.70 -0.0408941531 0.1049057796
5892.90 0.1947616926 0.1050115318
5893.10 -0.1101265238 0.1047505135
5893.30 -0.1260471264 0.1042444115
5893.50 0.0489019532 0.1034315214
5893.70 -0.0176185512 0.1032908107
5893.90 -0.2089876392 0.1023775028
5894.10 0.0291996868 0.1020942090
5894.30 0.1161002439 0.1023676690
5894.50 0.0121422077 0.1027423667
5894.70 -0.0612829900 0.1040265702
5894.90 -0.1792177149 0.1085473436
5895.10 -0.0718947855 0.1135905684
5895.30 -0.3708829332 0.1147242871
5895.50 -0.2286755087 0.1155057232
5895.70 -0.3966322885 0.1154792001
5895.90 -0.4790933841 0.1157506475
5896.10 -0.4375894153 0.1160199240
5896.30 -0.1379264744 0.1155159908
5896.50 0.1187176406 0.1127152363
5896.70 0.0250212375 0.1106639083
5896.90 -0.0192075360 0.1081103773
5897.10 -0.3821313834 0.1047061909
5897.30 -0.3667447864 0.1039646158
5897.50 0.0458610591 0.1035906277
5897.70 -0.0904392967 0.1031638833
5897.90 -0.0865277141 0.1027938543
5898.10 -0.0996598322 0.1026437443
5898.30 0.1138995202 0.1030501258
5898.50 0.0209708506 0.1034572636
5898.70 -0.0822151362 0.1035852416
5898.90 0.0653336378 0.1036159337
5899.10 -0.2283555030 0.1035196181
5899.30 -0.0059984285 0.1033393918
5899.50 0.1736654812 0.1033589876
5899.70 0.1607944458 0.1032938010
5899.90 -0.1048311750 0.1027937863
5900.10 0.1343850740 0.1025364596
5900.30 -0.1771445804 0.1020546866
5900.50 -0.0235397977 0.1019199482
5900.70 0.1922275975 0.1017267268
5900.90 -0.0592099366 0.1014622937
5901.10 -0.1302817948 0.1012640855
5901.30 0.1004780598 0.1014148418
5901.50 0.0755072843 0.1017532738
5901.70 0.0042580157 0.1018144170
5901.90 -0.1584046726 0.1016919367
5902.10 -0.0047710234 0.1015961437
5902.30 0.0017434113 0.1016187476
5902.50 0.0062069893 0.1015361558
5902.70 -0.1672256454 0.1012969365
5902.90 0.1232644370 0.1014465909
5903.10 -0.0902567505 0.1012048510
5903.30 -0.1875653185 0.1011768512
5903.50 -0.1380156006 0.1010415417
5903.70 -0.1368238953 0.1009061925
5903.90 0.0198122521 0.1010910968
5904.10 0.0458248338 0.1011346037
5904.30 -0.1102427670 0.1010822329
5904.50 0.1141509737 0.1012636565
5904.70 -0.1192507230 0.1025077065
5904.90 -0.2905312925 0.1027491336
5905.10 0.0714187433 0.1029021380
5905.30 0.1310986881 0.1028469570
5905.50 0.0303191940 0.1027698238
5905.70 -0.0792809498 0.1029657581
5905.90 0.1774789233 0.1035628141
5906.10 -0.1168662018 0.1031882724
5906.30 -0.0288550083 0.1025178423
5906.50 -0.0617416422 0.1025180497
5906.70 -0.0329467613 0.1019094802
5906.90 -0.0667112213 0.1015808456
5907.10 -0.0116671789 0.1015712064
5907.30 -0.1753953306 0.1014304726
5907.50 -0.2265031843 0.1011297638
5907.70 0.1438184707 0.1012597215
5907.90 -0.0547600531 0.1009481171
5908.10 0.0248451746 0.1009506572
5908.30 0.1277731744 0.1009821901
5908.50 -0.0329067111 0.1007938177
5908.70 0.1060868645 0.1008759375
5908.90 -0.0394028798 0.1010311584
5909.10 -0.0570550862 0.1017791847
5909.30 0.0554781283 0.1018277229
5909.50 0.0016573558 0.1018010755
5909.70 -0.1454817803 0.1017397532
5909.90 0.0283273977 0.1018584688
5910.10 0.0066850799 0.1018912283
5910.30 0.0057982398 0.1018960297
5910.50 -0.2609698078 0.1014458234
5910.70 0.0943388087 0.1014100812
5910.90 0.0375323648 0.1013640784
5911.10 0.0512286978 0.1009628996
5911.30 0.1153158658 0.1008453046
5911.50 0.0083682458 0.1007890132
5911.70 -0.0386800681 0.1007714129
5911.90 0.0184009496 0.1007733469
5912.10 -0.0543258069 0.1007936571
5912.30 -0.0330165175 0.1008325295
5912.50 0.0560337092 0.1008876167
5912.70 -0.0458263988 0.1008622236
5912.90 -0.0401063244 0.1010342769
5913.10 -0.1999862098 0.1025221855
5913.30 -0.0558493038 0.1050679137
5913.50 0.0607597105 0.1050979509
5913.70 -0.1219526065 0.1049744636
5913.90 -0.1716280986 0.1048731786
5914.10 0.1016558790 0.1050004724
5914.30 -0.0533192874 0.1051584589
5914.50 -0.1004179289 0.1052026135
5914.70 -0.2408056338 0.1039861871
5914.90 -0.0298826982 0.1033700752
5915.10 0.0088852836 0.1032238476
5915.30 0.0456914781 0.1028935803
5915.50 -0.0208804019 0.1027053437
5915.70 -0.1386030976 0.1027524701
5915.90 -0.1977940383 0.1027506773
