5870.10 -0.1490476709 0.0767747833
5870.30 -0.0975559093 0.0767401602
5870.50 -0.1117740343 0.0767275738
5870.70 0.0593806504 0.0767482724
5870.90 -0.0986371670 0.0766120052
5871.10 -0.0833076910 0.0766162883
5871.30 -0.0592192928 0.0766301770
5871.50 -0.0410316643 0.0766368295
5871.70 -0.1474146343 0.0765904648
5871.90 -0.0436290332 0.0766321374
5872.10 -0.0023818239 0.0767400938
5872.30 -0.0364961148 0.0769608123
5872.50 -0.1487244524 0.0768945993
5872.70 -0.0009577145 0.0769768016
5872.90 -0.0828652252 0.0771422513
5873.10 0.1064019388 0.0772912123
5873.30 0.1555913769 0.0772618168
5873.50 -0.0548327990 0.0771702933
5873.70 0.1152535004 0.0772390987
5873.90 0.0626471127 0.0771836803
5874.10 0.1523697554 0.0771213900
5874.30 0.0133586049 0.0767525505
5874.50 -0.0051840203 0.0766347462
5874.70 -0.0996902830 0.0765652152
5874.90 -0.1672445897 0.0764068019
5875.10 -0.1390293781 0.0764253793
5875.30 0.0572927643 0.0765831114
5875.50 -0.3145679462 0.0764806597
5875.70 0.0638338203 0.0766697626
5875.90 -0.1571368175 0.0765977984
5876.10 -0.0787643996 0.0766596162
5876.30 -0.0936016904 0.0766336964
5876.50 0.0084088438 0.0766897283
5876.70 0.0097494226 0.0767427279
5876.90 0.0339207470 0.0769508398
5877.10 -0.0191148334 0.0769432092
5877.30 0.0766523182 0.0768708492
5877.50 0.1197216320 0.0768880559
5877.70 -0.0833121533 0.0768145269
5877.90 -0.0727109537 0.0768159443
5878.10 0.0519393683 0.0768715000
5878.30 0.0257952981 0.0768542516
5878.50 0.0812878423 0.0769936362
5878.70 -0.0430827790 0.0770194803
5878.90 -0.0184818074 0.0767925853
5879.10 0.0585792980 0.0769130078
5879.30 -0.0952572918 0.0769937420
5879.50 -0.0987844614 0.0770346804
5879.70 -0.1436342968 0.0770807180
5879.90 -0.0424811289 0.0771882857
5880.10 -0.1745352616 0.0771435796
5880.30 0.0075134490 0.0773974053
5880.50 0.0952072755 0.0774297325
5880.70 -0.0568295284 0.0771778402
5880.90 -0.0217430631 0.0771639336
5881.10 -0.0195726236 0.0770706535
5881.30 0.1020018869 0.0770073663
5881.50 0.0357717941 0.0769240754
5881.70 -0.1489689378 0.0767942190
5881.90 0.0624894177 0.0768615110
5882.10 -0.0255509781 0.0768359096
5882.30 0.0364233937 0.0767047434
5882.50 -0.0572311787 0.0764954269
5882.70 0.0669307573 0.0767272459
5882.90 0.0203302430 0.0775743232
5883.10 -0.0698042163 0.0777476477
5883.30 0.0912131100 0.0777215225
5883.50 0.0740179294 0.0780137955
5883.70 0.1857450049 0.0783898745
5883.90 0.0402590941 0.0783112258
5884.10 0.1784942028 0.0783985445
5884.30 0.1705384057 0.0784174463
5884.50 -0.0173690489 0.0783735528
5884.70 0.1377974705 0.0783920343
5884.90 0.1234083938 0.0774084630
5885.10 0.1079616703 0.0769834976
5885.30 -0.0612934288 0.0769595458
5885.50 0.0377970163 0.0769857179
5885.70 -0.0234885448 0.0769339796
5885.90 -0.1956490919 0.0769382001
5886.10 -0.1388187464 0.0769303979
5886.30 -0.1093653192 0.0769002547
5886.50 -0.0894143356 0.0769256507
5886.70 -0.1955508362 0.0768930493
5886.90 -0.1352810915 0.0769282101
5887.10 -0.1444253218 0.0769919474
5887.30 -0.1899228963 0.0770077621
5887.50 0.0471247200 0.0771887851
5887.70 -0.1248601158 0.0772176372
5887.90 -0.2142934199 0.0772956484
5888.10 -0.0365122789 0.0775088683
5888.30 0.0597357085 0.0778147392
5888.50 -0.0265438141 0.0781965749
5888.70 -0.2207536161 0.0790682825
5888.90 -0.1139185360 0.0815613965
5889.10 -0.0140560154 0.0849996521
5889.30 -0.1621580491 0.0865894268
5889.50 -0.2125345306 0.0875784199
5889.70 -0.3133761783 0.0893805692
5889.90 -0.4833701177 0.0905836388
5890.10 -0.1603937135 0.0909407445
5890.30 -0.1275923266 0.0909830343
5890.50 -0.0802379254 0.0902803914
5890.70 -0.1336271020 0.0888512650
5890.90 -0.1012154814 0.0860847834
5891.10 -0.3392812006 0.0817944244
5891.30 -0.0126346348 0.0797046196
5891.50 -0.0510534614 0.0788673936
5891.70 -0.1509370222 0.0786676675
5891.90 0.0053738244 0.0795509540
5892.10 -0.2013579769 0.0796980532
5892.30 0.0974562946 0.0793052409
5892.50 0.0174473724 0.0792564920
5892.70 0.1498434302 0.0796627845
5892.90 0.0449773232 0.0795539059
5893.10 0.2049928822 0.0794539920
5893.30 0.1496041549 0.0793032121
5893.50 0.2284585629 0.0792565203
5893.70 -0.0682087507 0.0789561528
5893.90 -0.0289768144 0.0780055068
5894.10 0.1957081583 0.0774264987
5894.30 0.1324659449 0.0774376463
5894.50 -0.0089497969 0.0776050542
5894.70 -0.0630651484 0.0783283835
5894.90 0.1548540024 0.0808045087
5895.10 -0.0127352124 0.0835975548
5895.30 -0.1239433487 0.0844512830
5895.50 -0.1190522011 0.0852317176
5895.70 -0.2993906936 0.0868845924
5895.90 -0.4494812177 0.0877535185
5896.10 -0.4870711457 0.0877468476
5896.30 -0.0809990658 0.0878733036
5896.50 -0.0474142394 0.0876292571
5896.70 0.0349635798 0.0869275971
5896.90 -0.1059105238 0.0842501728
5897.10 -0.1205848690 0.0804379527
5897.30 -0.0724334810 0.0791124762
5897.50 -0.0406458745 0.0785495294
5897.70 -0.2353228827 0.0780905185
5897.90 -0.0028016699 0.0780590853
5898.10 -0.2187201174 0.0779165823
5898.30 -0.0126303397 0.0779824727
5898.50 -0.2001283259 0.0780521224
5898.70 0.0028440768 0.0783136392
5898.90 -0.0719492545 0.0782707308
5899.10 -0.0154151931 0.0783401818
5899.30 -0.0750798810 0.0782603167
5899.50 -0.0154267262 0.0782671666
5899.70 0.0477475433 0.0782032996
5899.90 -0.0102385121 0.0781011033
5900.10 -0.0075838550 0.0780846853
5900.30 0.0827808118 0.0779556316
5900.50 0.1070326474 0.0775213507
5900.70 0.0295822802 0.0770300584
5900.90 0.0053184143 0.0768306911
5901.10 -0.1653970056 0.0767131970
5901.30 -0.1499757064 0.0767626843
5901.50 -0.0105468515 0.0769967233
5901.70 -0.0360343397 0.0770629888
5901.90 0.0370608623 0.0770768523
5902.10 0.0669401021 0.0770629276
5902.30 0.0361223517 0.0771010494
5902.50 -0.0967020007 0.0770284904
5902.70 0.0708235062 0.0769609903
5902.90 0.0306395962 0.0768825051
5903.10 -0.0270455681 0.0769100221
5903.30 0.0517375098 0.0769654042
5903.50 -0.0803851789 0.0767501580
5903.70 -0.0618159557 0.0765810718
5903.90 -0.0719822609 0.0766637870
5904.10 0.0487401272 0.0767818666
5904.30 -0.1463900744 0.0766659358
5904.50 0.2106837998 0.0768178733
5904.70 0.0434496051 0.0774800861
5904.90 0.0359151694 0.0778566910
5905.10 0.1687866199 0.0777673542
5905.30 -0.0223678876 0.0777011519
5905.50 0.0841658313 0.0781417093
5905.70 0.1073521473 0.0782686941
5905.90 -0.1198474006 0.0782828374
5906.10 0.1408056893 0.0783099439
5906.30 0.1345873267 0.0782752796
5906.50 -0.0893224831 0.0782083012
5906.70 0.0311169431 0.0777363547
5906.90 -0.2343025637 0.0769775207
5907.10 -0.1373836219 0.0769916393
5907.30 -0.2274446842 0.0769039815
5907.50 -0.1245672755 0.0768949325
5907.70 -0.1321861616 0.0768627633
5907.90 -0.1171297403 0.0766455015
5908.10 -0.1436938534 0.0764338090
5908.30 -0.1191799085 0.0764229491
5908.50 -0.0733905155 0.0764640226
5908.70 -0.0088290247 0.0764891143
5908.90 -0.1577770568 0.0765396228
5909.10 -0.2171991321 0.0768641903
5909.30 0.0937889783 0.0770727396
5909.50 0.0837119182 0.0770613494
5909.70 -0.0809685164 0.0771493037
5909.90 0.0593896823 0.0772866152
5910.10 0.0278485404 0.0772669441
5910.30 -0.1139672786 0.0771503359
5910.50 -0.1054567656 0.0771128441
5910.70 -0.0783192212 0.0771247261
5910.90 -0.0292199574 0.0770638888
5911.10 -0.0002219960 0.0765691459
5911.30 0.0102320557 0.0764498190
5911.50 -0.0757559465 0.0763887608
5911.70 0.0290919907 0.0764670301
5911.90 0.0123688759 0.0764956566
5912.10 0.0167681859 0.0765003793
5912.30 0.0580449898 0.0765407108
5912.50 0.0532290713 0.0765758194
5912.70 0.0518886757 0.0765989987
5912.90 0.1224263033 0.0767312308
5913.10 0.1200469579 0.0775137102
5913.30 0.0772690292 0.0788557690
5913.50 0.1227915160 0.0790155677
5913.70 0.0096573268 0.0788343393
5913.90 -0.0599512646 0.0793950205
5914.10 -0.1204740990 0.0797763176
5914.30 -0.0126557025 0.0798001024
5914.50 0.0635705402 0.0797270063
5914.70 -0.0061101937 0.0796516644
5914.90 -0.1718243940 0.0795344404
5915.10 -0.2651921600 0.0790512216
5915.30 -0.1856397673 0.0778829514
5915.50 -0.3385297834 0.0775200400
5915.70 -0.2084137663 0.0774813751
5915.90 0.0166755277 0.0777486606
