5870.10 -0.3146024527 0.1260041154
5870.30 -0.2399953282 0.1259884030
5870.50 0.0130545406 0.1261626408
5870.70 -0.2774377915 0.1258615521
5870.90 0.0364681336 0.1259274032
5871.10 -0.2355124923 0.1256883531
5871.30 -0.2460106418 0.1256889737
5871.50 -0.2171803015 0.1256827886
5871.70 -0.0746045688 0.1257867613
5871.90 -0.1792706281 0.1257399559
5872.10 -0.1230080164 0.1258754010
5872.30 0.0522583683 0.1264163091
5872.50 -0.2316814387 0.1263692499
5872.70 -0.0939722188 0.1264950774
5872.90 -0.2858389845 0.1263843333
5873.10 0.0082676599 0.1266403181
5873.30 0.0927014943 0.1267906103
5873.50 -0.0250101627 0.1266231226
5873.70 0.1219856940 0.1267992742
5873.90 0.2651975921 0.1268252779
5874.10 0.0467355905 0.1265572859
5874.30 -0.0955912017 0.1260313783
5874.50 -0.1346708813 0.1258965142
5874.70 0.0473935670 0.1259944185
5874.90 0.0988974524 0.1257886705
5875.10 -0.0301032493 0.1257303505
5875.30 -0.0697352947 0.1258981686
5875.50 -0.1145222223 0.1260045814
5875.70 -0.1860695097 0.1260484444
5875.90 -0.1541348313 0.1260710743
5876.10 -0.0692811244 0.1261026348
5876.30 -0.0560971861 0.1260927888
5876.50 -0.1345223136 0.1260407833
5876.70 -0.0519008944 0.1262447003
5876.90 -0.4188333838 0.1263784686
5877.10 -0.0075803696 0.1267696703
5877.30 0.2675866357 0.1267530422
5877.50 0.0194705670 0.1262952322
5877.70 -0.1243580574 0.1261407061
5877.90 -0.0742411576 0.1262440290
5878.10 0.1129083423 0.1264549434
5878.30 0.0709849329 0.1265455738
5878.50 -0.1298850391 0.1266188660
5878.70 0.0841317437 0.1269807992
5878.90 0.1691606560 0.1267160235
5879.10 0.1557321293 0.1268218719
5879.30 0.1708087892 0.1270064008
5879.50 0.1001990854 0.1271876558
5879.70 0.0529116700 0.1271490479
5879.90 -0.0676435154 0.1271325075
5880.10 -0.3778207467 0.1269908321
5880.30 -0.0450245193 0.1275001511
5880.50 -0.2394609147 0.1274562715
5880.70 -0.0500938931 0.1274207260
5880.90 -0.0162791901 0.1272752790
5881.10 -0.1282718262 0.1267586022
5881.30 -0.0579517811 0.1266341616
5881.50 0.0470796751 0.1266224684
5881.70 -0.1385855190 0.1265682744
5881.90 0.0793851245 0.1266952242
5882.10 -0.0645521024 0.1266098579
5882.30 -0.0010192515 0.1263926467
5882.50 -0.2282199106 0.1259697164
5882.70 -0.4275875747 0.1260362682
5882.90 -0.1863160941 0.1277516023
5883.10 -0.1802963396 0.1287044743
5883.30 -0.3731481031 0.1286733651
5883.50 -0.4567277196 0.1280126651
5883.70 0.0828274265 0.1282828557
5883.90 -0.0885831644 0.1284898236
5884.10 -0.0865209211 0.1286392702
5884.30 -0.1526666013 0.1291227688
5884.50 -0.2949418330 0.1292080458
5884.70 -0.4186459438 0.1289178867
5884.90 -0.0432411942 0.1274570573
5885.10 0.0567110573 0.1269161390
5885.30 -0.1465864779 0.1269150840
5885.50 0.0156882739 0.1271079886
5885.70 0.0476205900 0.1271406867
5885.90 -0.3366289137 0.1270117399
5886.10 0.0350862837 0.1272989317
5886.30 -0.1402973431 0.1272806864
5886.50 -0.0331969247 0.1273774081
5886.70 -0.1373911685 0.1274355050
5886.90 0.0948272945 0.1274781275
5887.10 0.1603208312 0.1275777722
5887.30 -0.0517645501 0.1273417507
5887.50 -0.0668321706 0.1275383233
5887.70 -0.0343098366 0.1278458351
5887.90 -0.2876547258 0.1280604996
5888.10 0.0737514246 0.1284491636
5888.30 -0.0413359586 0.1287982380
5888.50 0.0858986240 0.1295219327
5888.70 0.1067418049 0.1311206061
5888.90 0.0091723823 0.1353841348
5889.10 -0.0208879143 0.1425245817
5889.30 0.0443002997 0.1475699774
5889.50 -0.2739279951 0.1478837273
5889.70 -0.4217756490 0.1459199239
5889.90 -0.3729247807 0.1460275761
5890.10 -0.2265473531 0.1473381468
5890.30 -0.2331935695 0.1490228816
5890.50 -0.1829566683 0.1497931700
5890.70 -0.3264007782 0.1475590938
5890.90 0.3512054521 0.1426590918
5891.10 -0.0054050172 0.1350529402
5891.30 -0.2404886703 0.1315744658
5891.50 -0.0627525234 0.1305005013
5891.70 -0.2237997717 0.1301922861
5891.90 -0.3462566531 0.1315915633
5892.10 -0.2792229420 0.1327225658
5892.30 0.0353418629 0.1325481439
5892.50 -0.1815326599 0.1310452927
5892.70 -0.0819322927 0.1305764869
5892.90 -0.0495922023 0.1308444815
5893.10 -0.5699297663 0.1305162453
5893.30 0.2014071305 0.1313205170
5893.50 -0.1041234553 0.1309896183
5893.70 -0.1889864587 0.1305649143
5893.90 -0.2084506688 0.1287965967
5894.10 0.0752163515 0.1280141349
5894.30 0.1453759748 0.1282322755
5894.50 0.0183478806 0.1284674515
5894.70 -0.1740565462 0.1295489093
5894.90 -0.0253225130 0.1337295819
5895.10 0.0464595593 0.1402417879
5895.30 -0.0585169605 0.1437741757
5895.50 -0.2029250559 0.1434508677
5895.70 -0.5741223079 0.1416230342
5895.90 -0.3317906377 0.1422208704
5896.10 -0.6240068848 0.1429029296
5896.30 -0.1180844187 0.1446341716
5896.50 -0.2080740619 0.1455712801
5896.70 -0.1134703594 0.1444080192
5896.90 -0.3516113116 0.1393786655
5897.10 -0.1861059546 0.1330910545
5897.30 0.0729234560 0.1311876034
5897.50 -0.0557183113 0.1302155083
5897.70 -0.1326541525 0.1295815585
5897.90 -0.2893590979 0.1290971572
5898.10 -0.3820327915 0.1289174095
5898.30 -0.1090657240 0.1290415589
5898.50 -0.2799892951 0.1292870285
5898.70 -0.1095039470 0.1301502307
5898.90 -0.0483823557 0.1304588570
5899.10 -0.0285402523 0.1299611224
5899.30 0.1297455559 0.1294152209
5899.50 -0.2760699675 0.1289877024
5899.70 0.0359977694 0.1293618525
5899.90 -0.0890535256 0.1292499952
5900.10 -0.1171753734 0.1292815343
5900.30 -0.3649753184 0.1289555271
5900.50 0.0236498862 0.1286333910
5900.70 -0.3332081686 0.1277266660
5900.90 -0.0036976933 0.1272985318
5901.10 -0.1277322490 0.1271085253
5901.30 -0.2081571616 0.1270068553
5901.50 0.0259807473 0.1274581293
5901.70 -0.4580751556 0.1274328110
5901.90 -0.1021280859 0.1277929860
5902.10 -0.0742022915 0.1277355268
5902.30 -0.2712992474 0.1272149326
5902.50 -0.3105852598 0.1271883790
5902.70 0.0276528675 0.1273226251
5902.90 -0.0805052099 0.1272654073
5903.10 -0.2463684461 0.1270350960
5903.30 -0.0902895460 0.1271626635
5903.50 0.0218078970 0.1270289695
5903.70 0.0976471112 0.1268362784
5903.90 0.1484584835 0.1270140102
5904.10 0.3726264706 0.1273388056
5904.30 0.0779495880 0.1272185081
5904.50 0.0954888278 0.1270799762
5904.70 0.1402688116 0.1281546038
5904.90 0.1490602215 0.1291911048
5905.10 -0.1398116768 0.1292697406
5905.30 0.2376421335 0.1289200587
5905.50 0.1771220304 0.1285683501
5905.70 -0.0036731525 0.1288855064
5905.90 -0.4788418438 0.1289937034
5906.10 -0.3125119726 0.1294873259
5906.30 -0.3369444363 0.1295038928
5906.50 -0.2346700563 0.1292822441
5906.70 -0.2228075149 0.1281102686
5906.90 -0.5285774333 0.1270380373
5907.10 0.0063900214 0.1275310975
5907.30 -0.2807905124 0.1274814362
5907.50 0.2119245256 0.1276758201
5907.70 0.1308845530 0.1274845497
5907.90 0.0477308758 0.1271563032
5908.10 -0.3126567993 0.1266946811
5908.30 -0.0405404112 0.1268403405
5908.50 0.2387080740 0.1269956515
5908.70 0.4275553048 0.1270477862
5908.90 0.2696983261 0.1270595730
5909.10 -0.0403323447 0.1275122962
5909.30 -0.0789899796 0.1279225614
5909.50 0.3120911056 0.1282061534
5909.70 -0.0625801771 0.1276783661
5909.90 -0.2779951519 0.1273378492
5910.10 -0.1874132970 0.1274869146
5910.30 -0.3831449076 0.1272841467
5910.50 -0.4239951435 0.1274269261
5910.70 -0.2629405981 0.1275189063
5910.90 0.0535271535 0.1275940532
5911.10 0.1950735274 0.1267692456
5911.30 -0.1891185749 0.1263236661
5911.50 -0.1017995095 0.1263466052
5911.70 -0.0814093819 0.1262650693
5911.90 -0.0374150507 0.1263343173
5912.10 -0.3142339315 0.1261819887
5912.30 -0.1388757723 0.1262669839
5912.50 -0.0659955035 0.1263180751
5912.70 -0.0960881705 0.1263296657
5912.90 -0.2093590509 0.1263836489
5913.10 -0.3336790237 0.1275323412
5913.30 -0.3570160621 0.1303945478
5913.50 -0.0140881601 0.1319452779
5913.70 0.0846323888 0.1316191677
5913.90 0.1847389464 0.1303340859
5914.10 0.1370204533 0.1304450785
5914.30 -0.2230992941 0.1308235926
5914.50 -0.2588563555 0.1312090864
5914.70 -0.1004622373 0.1320240524
5914.90 -0.1712569042 0.1317287466
5915.10 -0.2910048476 0.1305897694
5915.30 -0.1463561565 0.1286260745
5915.50 -0.0867393040 0.1287499549
5915.70 -0.2368303453 0.1288894484
5915.90 0.0495098238 0.1286743976
