5870.10 -0.2036363556 0.1052509180
5870.30 0.0953058012 0.1053488920
5870.50 -0.0014718997 0.1053047424
5870.70 0.0638311229 0.1052691032
5870.90 -0.1852932064 0.1050652581
5871.10 -0.0575305189 0.1051338933
5871.30 0.0344184009 0.1051983694
5871.50 0.0991772634 0.1052413451
5871.70 -0.0483858794 0.1051412096
5871.90 0.1278331910 0.1052603406
5872.10 0.1232801310 0.1053628006
5872.30 -0.0587277073 0.1055700524
5872.50 0.0128512550 0.1056708900
5872.70 0.1816407334 0.1058304139
5872.90 -0.0888733342 0.1058780776
5873.10 -0.0419566927 0.1059305573
5873.30 -0.1108485323 0.1058536840
5873.50 -0.1048677865 0.1058217572
5873.70 -0.1879287496 0.1057355604
5873.90 -0.0412913304 0.1057342146
5874.10 -0.0048819689 0.1055480109
5874.30 0.0182553583 0.1051839734
5874.50 0.1426118637 0.1051679219
5874.70 -0.1428765488 0.1049658932
5874.90 -0.0021002553 0.1048769997
5875.10 0.0781118227 0.1049205418
5875.30 0.0454047126 0.1050017329
5875.50 0.0256684637 0.1050982436
5875.70 0.1797068670 0.1052598757
5875.90 0.0135522405 0.1052018248
5876.10 -0.0298075779 0.1051623002
5876.30 0.0156603605 0.1051438294
5876.50 -0.0697263479 0.1050894783
5876.70 -0.1789681694 0.1050506771
5876.90 -0.0194694776 0.1054196531
5877.10 -0.0408827004 0.1054804356
5877.30 -0.2947048347 0.1052913490
5877.50 -0.1352383599 0.1053151742
5877.70 -0.0118004788 0.1053424697
5877.90 0.2860323119 0.1054951837
5878.10 0.0313572200 0.1053484214
5878.30 -0.0482984111 0.1053024982
5878.50 -0.0580038536 0.1054001819
5878.70 0.0792645882 0.1055491493
5878.90 0.0212503344 0.1052564850
5879.10 -0.0785430229 0.1053842009
5879.30 -0.2685027136 0.1054588996
5879.50 -0.1921610819 0.1056130890
5879.70 -0.1664197675 0.1056791445
5879.90 0.0440703366 0.1058075818
5880.10 -0.1871344079 0.1056681618
5880.30 -0.0784421192 0.1059244026
5880.50 -0.1110616073 0.1059561801
5880.70 -0.0712487998 0.1058219608
5880.90 0.1934194376 0.1060230217
5881.10 -0.0419753917 0.1055432056
5881.30 -0.1098961780 0.1053239072
5881.50 -0.1480730357 0.1052281921
5881.70 0.0430415028 0.1052964236
5881.90 -0.1337209963 0.1052050184
5882.10 -0.1397237881 0.1051864653
5882.30 -0.0965299816 0.1049680522
5882.50 -0.3407586423 0.1046462243
5882.70 -0.1758354381 0.1048921395
5882.90 -0.0702435418 0.1060752779
5883.10 -0.0916068895 0.1065851580
5883.30 -0.3082549651 0.1066552854
5883.50 -0.1544340051 0.1070418742
5883.70 -0.1463721051 0.1071605063
5883.90 -0.0185625524 0.1072496573
5884.10 -0.2788939123 0.1071473998
5884.30 -0.1419569094 0.1072551011
5884.50 -0.0155123501 0.1073858951
5884.70 -0.0370370305 0.1071045700
5884.90 -0.0408876302 0.1058843877
5885.10 -0.0805052738 0.1054427368
5885.30 -0.0120005968 0.1055099117
5885.50 -0.0067782775 0.1055114614
5885.70 -0.1583005393 0.1054446512
5885.90 -0.0026686410 0.1055964208
5886.10 -0.0172833749 0.1055217065
5886.30 0.0098294715 0.1055133497
5886.50 0.1395505449 0.1055986095
5886.70 0.0164166727 0.1056396353
5886.90 -0.1005270938 0.1056618288
5887.10 -0.2165307368 0.1057237830
5887.30 -0.1063135806 0.1058453337
5887.50 0.0349615638 0.1059790202
5887.70 0.0373917442 0.1061231800
5887.90 -0.0105891586 0.1062864964
5888.10 0.0249029362 0.1065988945
5888.30 -0.0487828980 0.1069164538
5888.50 0.1967219353 0.1076151599
5888.70 0.0071611145 0.1086817314
5888.90 0.0590958634 0.1117933885
5889.10 0.1059689031 0.1168416282
5889.30 0.0727670387 0.1203474957
5889.50 -0.0868210784 0.1227443604
5889.70 -0.2278442008 0.1243066942
5889.90 -0.4074814495 0.1246679920
5890.10 -0.1046124504 0.1247078549
5890.30 -0.0171726399 0.1245469766
5890.50 0.0115893310 0.1235601954
5890.70 0.0088581130 0.1214232875
5890.90 0.0340346935 0.1171008319
5891.10 0.0048356307 0.1118082595
5891.30 -0.0605397619 0.1091593697
5891.50 -0.0105883077 0.1081702976
5891.70 -0.1855211120 0.1078019190
5891.90 -0.1293518048 0.1088592944
5892.10 0.0669767003 0.1095325558
5892.30 -0.0746794738 0.1091446152
5892.50 -0.0607108264 0.1092417182
5892.70 0.1149684890 0.1093458354
5892.90 -0.0539642387 0.1090817660
5893.10 -0.0442098979 0.1088496030
5893.30 0.1407664371 0.1088164959
5893.50 0.0203166645 0.1086166140
5893.70 0.0065076628 0.1081400948
5893.90 0.0495214381 0.1068486637
5894.10 0.1472300078 0.1062125018
5894.30 -0.0705317886 0.1062197563
5894.50 -0.1080140058 0.1065278079
5894.70 0.1570273798 0.1075655537
5894.90 -0.0780300775 0.1103689971
5895.10 0.0697076844 0.1148829575
5895.30 0.0121757755 0.1173309445
5895.50 -0.1298548284 0.1191237327
5895.70 -0.2198604434 0.1202866639
5895.90 -0.3221472222 0.1205758744
5896.10 0.0482471116 0.1206282448
5896.30 -0.0105654395 0.1203887182
5896.50 0.1682414255 0.1200949408
5896.70 0.2524493446 0.1187690408
5896.90 0.1279499468 0.1146562698
5897.10 0.2632994504 0.1101134105
5897.30 -0.0488963649 0.1083917603
5897.50 0.2093519941 0.1078803806
5897.70 -0.0523182956 0.1073748601
5897.90 -0.0684389836 0.1071376814
5898.10 0.0906085149 0.1070398628
5898.30 0.0195699063 0.1069115435
5898.50 -0.0136960149 0.1071067412
5898.70 0.2348932611 0.1075363118
5898.90 -0.0307650418 0.1075680108
5899.10 0.0693203632 0.1076739206
5899.30 -0.2451577064 0.1072512376
5899.50 -0.0371292707 0.1072743361
5899.70 -0.3884283064 0.1069185043
5899.90 -0.1758075257 0.1069676706
5900.10 -0.0184726595 0.1069382362
5900.30 -0.0958547058 0.1064744547
5900.50 -0.0439181871 0.1058609625
5900.70 -0.1983397366 0.1053354702
5900.90 -0.0202383142 0.1053316344
5901.10 -0.3298171127 0.1051855722
5901.30 -0.0839696214 0.1053506331
5901.50 -0.1255178638 0.1054371678
5901.70 0.1315892398 0.1057232737
5901.90 0.0486112420 0.1057002117
5902.10 -0.1405848723 0.1056420950
5902.30 0.0136497794 0.1058048149
5902.50 -0.1188821486 0.1056849701
5902.70 0.0090503477 0.1055798204
5902.90 0.1590022995 0.1055958789
5903.10 -0.0881039412 0.1054355511
5903.30 -0.0877736678 0.1054294480
5903.50 -0.1905015251 0.1051648398
5903.70 -0.1426697704 0.1049759782
5903.90 0.0430231567 0.1051359002
5904.10 -0.1248691217 0.1051216432
5904.30 -0.2156946865 0.1050407098
5904.50 -0.2824179470 0.1049856128
5904.70 -0.1338164449 0.1059177181
5904.90 -0.2775602475 0.1065182066
5905.10 -0.0150861029 0.1067200698
5905.30 -0.3090769934 0.1066930666
5905.50 -0.0761249488 0.1069292989
5905.70 -0.1738940310 0.1069643784
5905.90 0.1205176686 0.1072850178
5906.10 -0.0015225518 0.1072302935
5906.30 -0.2470712081 0.1071219281
5906.50 0.0069103806 0.1071859052
5906.70 -0.2623339390 0.1060949046
5906.90 -0.2276690293 0.1054254599
5907.10 -0.1793103028 0.1054661475
5907.30 -0.3215813853 0.1053691533
5907.50 -0.1517890214 0.1054229675
5907.70 -0.1319208821 0.1053066692
5907.90 -0.1359998637 0.1049948848
5908.10 -0.2745838985 0.1047503417
5908.30 0.0152256193 0.1049117494
5908.50 0.1848774585 0.1050291657
5908.70 -0.1372853563 0.1048362271
5908.90 -0.2287885450 0.1048517708
5909.10 -0.0512631788 0.1054795654
5909.30 0.1561506395 0.1057866779
5909.50 -0.0946255374 0.1057352483
5909.70 0.0317210460 0.1059049163
5909.90 -0.0284063185 0.1058925875
5910.10 -0.0141534406 0.1058971228
5910.30 0.1579731525 0.1059648283
5910.50 -0.1000654852 0.1057774814
5910.70 0.0672594533 0.1058495865
5910.90 -0.1508823554 0.1055044374
5911.10 0.0911292367 0.1050416937
5911.30 0.0416118903 0.1049058015
5911.50 -0.3708939447 0.1046912008
5911.70 0.0171976433 0.1049108893
5911.90 -0.0863750880 0.1048497496
5912.10 0.0327334752 0.1049087726
5912.30 -0.1644558575 0.1047840612
5912.50 -0.1543973003 0.1048126182
5912.70 -0.0707963892 0.1049028466
5912.90 0.2232914398 0.1051763363
5913.10 -0.0386246457 0.1058710920
5913.30 0.0925036343 0.1079809707
5913.50 0.0499762996 0.1086332061
5913.70 -0.0572568751 0.1090444890
5913.90 0.0386527612 0.1094359845
5914.10 0.1965780374 0.1096005487
5914.30 -0.0401727624 0.1093694259
5914.50 0.1275421314 0.1093502852
5914.70 0.0791608524 0.1093211859
5914.90 0.0982216557 0.1092157023
5915.10 -0.0762607040 0.1081010698
5915.30 -0.0253366488 0.1066954258
5915.50 0.0426762415 0.1066882539
5915.70 -0.1351992874 0.1067095710
5915.90 0.0305019889 0.1070608204
