-6.110180719922481823e-02 -1.269369357516869634e-03 1.576613139173748844e-03
-5.791733468655615308e-02 8.682530239866315114e-04 1.777490359392283137e-03
-5.400386189147380472e-02 2.116063978336857332e-03 1.787218006833527807e-03
-5.191283500000817841e-02 -1.015236544384845452e-03 1.740830480564556967e-03
-4.981542092537558780e-02 -1.255930272029526229e-03 1.758018870841460005e-03
-4.767963409509057976e-02 2.166948766255005765e-03 1.744966621082774758e-03
-4.556303634415941051e-02 -8.241209900358148488e-04 1.710775349932742821e-03
-4.344643293288463770e-02 -5.860746606103361955e-04 1.675353870101982303e-03
-4.132982977889821524e-02 2.318238808710515464e-03 1.725647324936265253e-03
-3.923241570426561770e-02 -1.112901697879364882e-03 1.725076237801106147e-03
-3.709662887398061659e-02 3.460237619112849217e-03 1.695459633820595906e-03
-3.497363287648363323e-02 1.307433629026411026e-03 1.696837401885427582e-03
-3.288261138807325318e-02 5.046077139068128048e-04 1.734570687803332466e-03
-3.074683021813183828e-02 -2.871836253615978052e-03 1.771171136201260977e-03
-2.861104338784683718e-02 -5.732917979472174075e-03 1.767794269854046276e-03
-2.650723080936008558e-02 -6.201896258206884838e-03 1.773858199675319800e-03
-2.437784222564089165e-02 -8.075649254835060020e-04 1.746350182647712522e-03
-2.229321358074107251e-02 -3.803630678114178210e-03 1.794976006702405117e-03
-2.017661042675464658e-02 -4.866077630813259169e-03 1.929087941276555734e-03
-1.804082899952489175e-02 -1.154900363821820264e-03 1.926845703939023555e-03
-1.593062409210427646e-02 -3.028430533217885134e-03 1.958561295749801975e-03
-1.380762809460729136e-02 -2.189500345818329308e-03 2.003683393918977325e-03
-1.169741752684308293e-02 -5.774763076313638166e-03 2.163835549320912779e-03
-9.561636099613326362e-03 -4.730397083306581152e-03 2.243084676921287043e-03
-7.445032945626903903e-03 -7.948342380363682125e-03 2.234571526377242441e-03
-5.347618870994308091e-03 2.974671075233636941e-03 2.320114931666379752e-03
-3.231015459719540055e-03 -3.410259960278216873e-03 2.323940492091268375e-03
-1.114417708788363864e-03 -4.287825598182859466e-03 2.372752050028886957e-03
1.002185445198059462e-03 -5.954451461553489366e-03 2.333280977924790268e-03
3.118783196129236088e-03 -5.490738842866105252e-03 2.292210956161902947e-03
5.241779193626218587e-03 -2.078941517916765847e-04 2.258507666542616983e-03
7.332800424748253491e-03 -6.022679474775083364e-03 2.304021976892862023e-03
9.468587255033257197e-03 -3.107724500796216205e-03 2.272728382303568044e-03
1.158519066630802480e-02 -3.677301357195572606e-03 2.166583564142890092e-03
1.366342106464204023e-02 -9.223853960700689747e-03 2.423394159051934973e-03
1.585675866653444080e-02 -5.553407300113777367e-03 2.263804208467285438e-03
1.787743855054940018e-02 -2.591690576402516655e-03 2.290305983912451805e-03
2.016030143313581047e-02 -6.752407529580839451e-03 2.462740576885611050e-03
2.219377214993879452e-02 -9.808008627520958811e-04 2.142766761628705358e-03
2.429118622457138166e-02 -6.410501219241360182e-03 2.097242128853885057e-03
2.644615673115496488e-02 -9.128325380035606784e-04 2.005062013269800787e-03
2.850520371047874854e-02 -4.581448551422950821e-03 1.884304421181073365e-03
3.064099054076374964e-02 -6.618934637123596865e-03 1.905314514361606659e-03
3.273840461539635066e-02 -5.593986160406516639e-03 1.880226921990493750e-03
3.489337486469158700e-02 -3.769606869273967042e-03 1.954587332931409689e-03
3.700997261562276319e-02 -5.199934325370247912e-03 1.934882955271263315e-03
3.910739235059895041e-02 -4.254412214364511335e-03 1.881441471070377991e-03
4.122399010153012661e-02 -4.492622492680897750e-03 1.924003059459570815e-03
4.332780242272852439e-02 -1.725842441263503169e-03 1.927930071891152545e-03
4.547637468274631084e-02 7.071979737185429826e-04 1.908087383881846167e-03
4.757379416043415465e-02 9.200357684910898115e-04 1.914351397473709878e-03
