5870.10 -0.0674721349 0.1251985000
5870.30 0.1904535654 0.1252720458
5870.50 0.0851240509 0.1251903142
5870.70 -0.0805585467 0.1250839687
5870.90 -0.0588206507 0.1249964593
5871.10 -0.0690076432 0.1249746897
5871.30 -0.2071855809 0.1249357754
5871.50 -0.2688680345 0.1248462651
5871.70 0.0011326534 0.1249691312
5871.90 0.0257030463 0.1249354864
5872.10 0.0014386567 0.1249282012
5872.30 -0.2422038361 0.1248035455
5872.50 -0.1024280103 0.1254182432
5872.70 -0.2230632950 0.1256867251
5872.90 0.0266887043 0.1257209621
5873.10 -0.2586593279 0.1258314529
5873.30 0.0330065255 0.1261700204
5873.50 -0.0428433460 0.1259494910
5873.70 0.1412968206 0.1260448176
5873.90 0.0180967589 0.1258607515
5874.10 0.1265009712 0.1255724768
5874.30 -0.0284485094 0.1249450870
5874.50 -0.0714557490 0.1249595541
5874.70 -0.0316407819 0.1248580360
5874.90 -0.0073121585 0.1246812852
5875.10 -0.0537514172 0.1246949346
5875.30 -0.1866507350 0.1246617689
5875.50 -0.2297096836 0.1248060473
5875.70 0.0805286100 0.1252401285
5875.90 -0.0325742404 0.1252756074
5876.10 0.1213254543 0.1254259603
5876.30 -0.0162452890 0.1253049032
5876.50 -0.0378534621 0.1252200206
5876.70 -0.2047892371 0.1250685126
5876.90 0.1040062390 0.1253248161
5877.10 0.1633378498 0.1257544159
5877.30 0.1169539083 0.1258595606
5877.50 -0.0155183243 0.1256324018
5877.70 -0.1215606147 0.1253853148
5877.90 -0.2054786339 0.1253265836
5878.10 -0.0698059852 0.1253368111
5878.30 -0.0936724954 0.1253107370
5878.50 -0.1768523843 0.1252300099
5878.70 -0.1255667781 0.1251277854
5878.90 0.0161313674 0.1252158629
5879.10 0.0712588391 0.1253057618
5879.30 -0.0369902044 0.1255252358
5879.50 -0.0161684260 0.1260850831
5879.70 -0.1346307888 0.1261696946
5879.90 -0.5524930279 0.1258315623
5880.10 0.2253575425 0.1263824089
5880.30 0.0072445250 0.1262070728
5880.50 0.2118892861 0.1262045518
5880.70 0.1892999949 0.1266526744
5880.90 0.0680941041 0.1264680826
5881.10 0.0675043890 0.1259956569
5881.30 0.0907912659 0.1257796511
5881.50 0.0746858924 0.1256681870
5881.70 -0.1386965463 0.1254917306
5881.90 0.0324750945 0.1256737078
5882.10 -0.0851889902 0.1255299704
5882.30 0.0344153848 0.1251558294
5882.50 0.1187930895 0.1250759357
5882.70 -0.0848751222 0.1249822604
5882.90 0.2026012833 0.1253256484
5883.10 0.1732197480 0.1268349983
5883.30 0.1147711652 0.1284433564
5883.50 -0.0678101377 0.1279897216
5883.70 0.0859522037 0.1281483538
5883.90 0.0932999475 0.1284947559
5884.10 0.0584396904 0.1281275756
5884.30 0.0417749137 0.1281497686
5884.50 -0.0059698163 0.1282663902
5884.70 0.0375129520 0.1277975384
5884.90 0.1571446894 0.1260544946
5885.10 -0.1320518352 0.1256342682
5885.30 0.1203487280 0.1257171138
5885.50 -0.1010100153 0.1255078052
5885.70 0.1194070470 0.1257728995
5885.90 -0.2391105857 0.1257599104
5886.10 -0.0806089814 0.1257542237
5886.30 -0.0375967217 0.1258670344
5886.50 0.0870623485 0.1258632888
5886.70 -0.0830119587 0.1258427167
5886.90 0.0912151817 0.1263067281
5887.10 -0.0728403905 0.1263739320
5887.30 -0.0873234518 0.1263772081
5887.50 -0.0077804205 0.1265488128
5887.70 0.0068465123 0.1267063718
5887.90 0.3764050317 0.1270242256
5888.10 0.0826883644 0.1270475371
5888.30 -0.0552781661 0.1274007528
5888.50 -0.0119072343 0.1277695740
5888.70 -0.0253168505 0.1284234380
5888.90 -0.2006048533 0.1297573217
5889.10 -0.2869370148 0.1335555292
5889.30 -0.3325428978 0.1425169501
5889.50 -0.4549610531 0.1495047574
5889.70 -0.5370632968 0.1509356700
5889.90 -0.4711750134 0.1519133994
5890.10 -0.3130009295 0.1519945230
5890.30 -0.1620094205 0.1502624361
5890.50 0.2149923696 0.1497230613
5890.70 -0.1452449697 0.1466838499
5890.90 0.1351741935 0.1395730674
5891.10 0.0183817498 0.1326981389
5891.30 -0.0524368243 0.1302290100
5891.50 -0.0720005880 0.1290925939
5891.70 0.2869749620 0.1287938270
5891.90 0.0329710722 0.1285235615
5892.10 -0.2513016748 0.1295235324
5892.30 0.0303697887 0.1316079012
5892.50 -0.0638563980 0.1311189647
5892.70 0.1907333027 0.1309442702
5892.90 0.0386291684 0.1308485944
5893.10 0.1901092612 0.1304419909
5893.30 -0.2337369105 0.1298172009
5893.50 0.0002053506 0.1298960215
5893.70 0.0818149045 0.1291667523
5893.90 0.0095830001 0.1268432623
5894.10 0.1392098922 0.1264556743
5894.30 -0.0295102438 0.1265304921
5894.50 0.0159577170 0.1268074313
5894.70 0.1792740672 0.1273505332
5894.90 -0.1434381472 0.1282091113
5895.10 -0.2142499626 0.1317345503
5895.30 -0.0912836384 0.1404931866
5895.50 -0.2204913312 0.1451119781
5895.70 -0.6205916582 0.1452287035
5895.90 -0.2529089868 0.1461715269
5896.10 -0.4018432204 0.1457241733
5896.30 -0.0849340668 0.1447624456
5896.50 -0.4104389715 0.1439801160
5896.70 -0.2345706512 0.1424482309
5896.90 -0.1295028956 0.1361406849
5897.10 0.0232373558 0.1307159510
5897.30 -0.1064679437 0.1290348783
5897.50 0.0814819251 0.1286451768
5897.70 0.1057347505 0.1284779068
5897.90 0.3531148708 0.1283168048
5898.10 0.1811022059 0.1280954145
5898.30 0.1118628304 0.1274520208
5898.50 0.0283131139 0.1270565609
5898.70 0.0581782236 0.1279192439
5898.90 0.1542248077 0.1290526410
5899.10 -0.0402436669 0.1289304012
5899.30 -0.0336820306 0.1284223738
5899.50 0.1770461138 0.1284102987
5899.70 0.1070312849 0.1280934410
5899.90 0.1346104692 0.1282872487
5900.10 -0.1375261285 0.1279657338
5900.30 -0.0141635664 0.1272389470
5900.50 -0.2290597881 0.1261484586
5900.70 -0.1175027471 0.1256003254
5900.90 -0.2712583359 0.1255816615
5901.10 -0.1587431817 0.1256771332
5901.30 0.0549695286 0.1260510891
5901.50 0.0173652435 0.1259536596
5901.70 -0.0444820327 0.1258484667
5901.90 -0.0971714044 0.1263087312
5902.10 0.0759152620 0.1265057012
5902.30 -0.3736933316 0.1260831294
5902.50 -0.0157813383 0.1261489678
5902.70 -0.2331891694 0.1259535604
5902.90 -0.0013332023 0.1259295512
5903.10 0.0089145419 0.1256519457
5903.30 0.2203005838 0.1258428403
5903.50 0.0889543396 0.1255121246
5903.70 0.0070105484 0.1252918555
5903.90 0.1320113965 0.1252837063
5904.10 0.1152465867 0.1253255802
5904.30 0.0540989262 0.1254478945
5904.50 0.1162424191 0.1253642279
5904.70 -0.4130802920 0.1250313797
5904.90 -0.0271866608 0.1261019398
5905.10 -0.0917888955 0.1280176971
5905.30 -0.5998951552 0.1274988361
5905.50 0.0479482476 0.1276828488
5905.70 0.1887926678 0.1280003411
5905.90 0.0700869987 0.1277675925
5906.10 0.0837910248 0.1279325994
5906.30 0.1490986961 0.1285055583
5906.50 0.0674303265 0.1282495894
5906.70 0.2135335536 0.1265003254
5906.90 0.3056176307 0.1260103710
5907.10 0.1463884784 0.1259342913
5907.30 -0.0553935813 0.1260395676
5907.50 -0.0740170714 0.1257495024
5907.70 0.0851337485 0.1256942199
5907.90 -0.2021040586 0.1249884329
5908.10 0.0450950400 0.1251267483
5908.30 -0.1462299623 0.1248992371
5908.50 -0.0018070831 0.1249832848
5908.70 0.1052820030 0.1250508276
5908.90 -0.1322727990 0.1247996859
5909.10 -0.3430596652 0.1246331356
5909.30 -0.0595766790 0.1258167560
5909.50 -0.0350911084 0.1263779032
5909.70 -0.1188846462 0.1260921820
5909.90 -0.0840774308 0.1260630875
5910.10 -0.1012227513 0.1261802829
5910.30 0.1070908897 0.1261593393
5910.50 -0.2506638882 0.1259119604
5910.70 -0.2634808565 0.1260047715
5910.90 -0.0701571214 0.1256723429
5911.10 0.1066874085 0.1249375487
5911.30 -0.0314330228 0.1248052652
5911.50 -0.2884084125 0.1247226620
5911.70 -0.2606288561 0.1247106860
5911.90 0.0400437079 0.1249006882
5912.10 -0.0880054484 0.1247985542
5912.30 -0.1943364819 0.1246033475
5912.50 0.1665171653 0.1248712225
5912.70 0.1817111699 0.1249486425
5912.90 -0.0828415170 0.1249479189
5913.10 -0.0212076378 0.1249998910
5913.30 0.1503810373 0.1256954480
5913.50 -0.0985267749 0.1294249523
5913.70 -0.0263031141 0.1313075545
5913.90 -0.2016903018 0.1306230117
5914.10 -0.0764214531 0.1307927717
5914.30 0.0720437857 0.1308968741
5914.50 -0.1237033899 0.1300482685
5914.70 0.0507021859 0.1301108599
5914.90 -0.0027762768 0.1301823690
5915.10 0.0050741575 0.1280022052
5915.30 -0.2125307010 0.1252970630
5915.50 -0.1765204539 0.1260370449
5915.70 -0.0208959306 0.1276489102
5915.90 -0.1682758548 0.1274347060
