-2.759102244482440972e-02 1.275391464374386885e-03 1.661775429389576947e-03
-2.339160739018499371e-02 2.376511797412272919e-03 1.082808841159860723e-03
-1.881137604242400993e-02 5.274479489592032166e-04 1.139228234782784953e-03
-1.514931536511671291e-02 2.303056774860867684e-03 1.509124762278081294e-03
-1.172196788745470154e-02 -2.233347589737033623e-03 1.424523845301618871e-03
-8.445901958723873310e-03 -2.798886585922533143e-03 1.250252276846371873e-03
-5.206354929399072302e-03 -5.715696028623318270e-03 1.260460605211623794e-03
-1.925074024005110976e-03 -2.549220494961645933e-03 1.173202490690662941e-03
1.387506186507714160e-03 -4.970613973290238796e-03 1.177949357043716391e-03
4.762685217150267394e-03 -1.905765172998785673e-03 1.099579534502822045e-03
8.007451630870229820e-03 -1.032400685045731237e-03 1.049610550467417608e-03
1.133046662222535195e-02 -1.526582179621205348e-03 1.053663138254967626e-03
1.460652793333215051e-02 8.135771499875321666e-04 1.057254493587474805e-03
1.798171137170673228e-02 1.359659534142187987e-03 9.761333778870939174e-04
2.126299227710069448e-02 6.395647416462812984e-04 8.896696429261295941e-04
2.460165681606924989e-02 9.287996644633533805e-04 8.862526202668806344e-04
2.789858747896864152e-02 -2.089114962716576152e-03 8.877538095288365662e-04
3.127376650961119497e-02 3.232575232494649953e-04 9.386414176551867352e-04
3.460721607191661470e-02 3.115406040143930966e-05 8.672586259986900421e-04
3.788327738302341152e-02 -1.085362065730177683e-03 8.145803035580984411e-04
