5870.10 -0.1344086414 0.0519609570
5870.30 0.1383559087 0.0521002745
5870.50 -0.0455070681 0.0520106220
5870.70 -0.0391560736 0.0519833679
5870.90 0.0538870915 0.0520438857
5871.10 0.0179548236 0.0522290226
5871.30 -0.0356044288 0.0521379237
5871.50 -0.0367703223 0.0520088875
5871.70 0.0208005429 0.0519074345
5871.90 0.0064266750 0.0518709474
5872.10 0.0098594126 0.0518057582
5872.30 0.0298334642 0.0517431085
5872.50 -0.0989632726 0.0517303674
5872.70 -0.1426656553 0.0519488665
5872.90 -0.0446648953 0.0531016027
5873.10 0.0641971727 0.0539700054
5873.30 -0.0629957751 0.0533971503
5873.50 -0.1444571853 0.0526415985
5873.70 -0.0172706202 0.0522781584
5873.90 -0.0232900666 0.0521031821
5874.10 -0.0863451284 0.0518302808
5874.30 -0.0371362988 0.0517473042
5874.50 -0.0094165849 0.0517823059
5874.70 -0.1208751645 0.0517880651
5874.90 -0.0101883163 0.0519467779
5875.10 -0.0425398452 0.0521554245
5875.30 0.1410474473 0.0525422518
5875.50 0.0439734696 0.0528643479
5875.70 -0.0469558135 0.0529509588
5875.90 -0.0652578941 0.0528686639
5876.10 0.0113227148 0.0529724765
5876.30 0.0827895566 0.0528877268
5876.50 0.0385471928 0.0525767426
5876.70 0.0578938116 0.0521282414
5876.90 0.1365687260 0.0519661412
5877.10 0.0708338875 0.0519441313
5877.30 0.0720050811 0.0520583832
5877.50 -0.0015296704 0.0529468572
5877.70 -0.0018866027 0.0536247967
5877.90 0.0265436462 0.0533168182
5878.10 0.0416494837 0.0524365856
5878.30 0.0001742088 0.0519561598
5878.50 -0.0960164273 0.0518742816
5878.70 -0.0382231186 0.0520190038
5878.90 0.0060512331 0.0521977008
5879.10 0.1083190822 0.0525065817
5879.30 -0.0007512205 0.0533853045
5879.50 0.0218015919 0.0535390659
5879.70 -0.0521898634 0.0536406475
5879.90 -0.0308157945 0.0537633915
5880.10 -0.0871882988 0.0547850686
5880.30 0.0672781626 0.0542374021
5880.50 0.0678480445 0.0536322653
5880.70 0.0325204680 0.0528561100
5880.90 -0.0374383636 0.0528602468
5881.10 0.1605106805 0.0536176236
5881.30 0.0352514656 0.0534731248
5881.50 0.0134421842 0.0534680904
5881.70 0.0365429375 0.0528624934
5881.90 0.0588058113 0.0525564006
5882.10 0.0110900768 0.0522731777
5882.30 0.0957278114 0.0523744862
5882.50 -0.0602634405 0.0525697546
5882.70 -0.0369652367 0.0526934773
5882.90 0.0769739000 0.0526793962
5883.10 0.0453078497 0.0525746415
5883.30 -0.0732706309 0.0527297936
5883.50 -0.0812241346 0.0553968648
5883.70 0.0173885946 0.0588641160
5883.90 -0.0445464814 0.0576870572
5884.10 -0.0922279295 0.0548791182
5884.30 -0.1416608458 0.0533242851
5884.50 0.0387943780 0.0531207596
5884.70 0.0505260487 0.0530492839
5884.90 -0.0023263211 0.0531241838
5885.10 -0.2356365297 0.0532803759
5885.30 -0.0089533381 0.0535132331
5885.50 -0.0073196058 0.0540153753
5885.70 0.1509288639 0.0541854342
5885.90 0.0917348738 0.0542896427
5886.10 0.0944733809 0.0540557385
5886.30 0.1178835488 0.0540954701
5886.50 0.1261707249 0.0539761430
5886.70 0.1017616483 0.0544570801
5886.90 -0.0044806298 0.0550595756
5887.10 0.0882161924 0.0554462208
5887.30 0.1223861359 0.0560904204
5887.50 0.0176534472 0.0561409348
5887.70 0.1869274966 0.0563828120
5887.90 0.1804721955 0.0566997170
5888.10 -0.0460090555 0.0576999387
5888.30 -0.0423223302 0.0594798367
5888.50 0.0694897982 0.0612727911
5888.70 -0.0627261676 0.0633456697
5888.90 0.0045048065 0.0660742592
5889.10 0.0948808391 0.0707166538
5889.30 -0.0747140357 0.0773569190
5889.50 -0.1280372883 0.0867756711
5889.70 -0.1845683171 0.1078579005
5889.90 -0.2544423180 0.1231679823
5890.10 -0.2880346378 0.1101119883
5890.30 -0.0634979885 0.0906423085
5890.50 0.0874390433 0.0789621368
5890.70 -0.1328153886 0.0722776139
5890.90 -0.0787213002 0.0680413235
5891.10 0.1037565023 0.0657240045
5891.30 0.0302761870 0.0636441314
5891.50 0.1205955521 0.0609700261
5891.70 0.0513646810 0.0589369140
5891.90 0.0911862878 0.0579534992
5892.10 0.1664806329 0.0576372779
5892.30 -0.0169016320 0.0572227754
5892.50 -0.0756421488 0.0587731792
5892.70 -0.0515051276 0.0628485703
5892.90 -0.0527114552 0.0613619667
5893.10 0.0183281508 0.0587352611
5893.30 0.0644251987 0.0559104644
5893.50 0.0122430012 0.0554553309
5893.70 -0.0354203996 0.0552337896
5893.90 0.0450457860 0.0557012477
5894.10 -0.0252954983 0.0562028639
5894.30 0.0213197488 0.0567939238
5894.50 0.1640865212 0.0578769174
5894.70 0.0518734767 0.0595121279
5894.90 0.0349390376 0.0617514724
5895.10 -0.0143259710 0.0650406622
5895.30 0.0994392571 0.0704197118
5895.50 0.1646421003 0.0799024022
5895.70 -0.4031457331 0.1008191095
5895.90 -0.2113552018 0.1132273112
5896.10 -0.1299934473 0.1006326164
5896.30 -0.0661296240 0.0818810814
5896.50 -0.0000399487 0.0715813828
5896.70 0.0717128182 0.0653242992
5896.90 -0.1142782670 0.0613965673
5897.10 -0.2337385741 0.0593047032
5897.30 -0.0160427687 0.0577748993
5897.50 0.0264315140 0.0566074280
5897.70 -0.1759507289 0.0563059625
5897.90 -0.0343257906 0.0563152553
5898.10 0.0017179639 0.0560943746
5898.30 -0.0086442230 0.0549441572
5898.50 -0.0033791422 0.0544434743
5898.70 -0.0138545910 0.0541708665
5898.90 -0.0667239848 0.0543726792
5899.10 0.1582904715 0.0577810921
5899.30 0.0756360629 0.0581671582
5899.50 -0.0240722628 0.0578022128
5899.70 0.0519872790 0.0557821850
5899.90 0.0376108928 0.0545262248
5900.10 0.0568718566 0.0533691828
5900.30 -0.0210137510 0.0527433870
5900.50 -0.0284635972 0.0526996977
5900.70 -0.0165177037 0.0527925622
5900.90 0.0515469865 0.0533414719
5901.10 0.1063319004 0.0543312978
5901.30 -0.1324812128 0.0543743329
5901.50 -0.1689849857 0.0537596345
5901.70 -0.1462478053 0.0532577067
5901.90 0.0074930105 0.0530652329
5902.10 0.0442184262 0.0531099765
5902.30 0.0049217864 0.0536209318
5902.50 -0.0500862167 0.0532248664
5902.70 -0.1455771616 0.0527328582
5902.90 0.0834090752 0.0523020078
5903.10 -0.0357270290 0.0536603284
5903.30 -0.0341123734 0.0539772076
5903.50 0.0441977109 0.0536355076
5903.70 0.1199627305 0.0526969449
5903.90 -0.0145637361 0.0523830645
5904.10 -0.0409107103 0.0523439234
5904.30 0.1502514205 0.0523049711
5904.50 0.2156731698 0.0523261827
5904.70 0.1317921421 0.0527154793
5904.90 -0.0914516414 0.0529911396
5905.10 -0.0387890473 0.0530834962
5905.30 0.1003771380 0.0535129685
5905.50 -0.0082337137 0.0563386543
5905.70 -0.0738783705 0.0558623664
5905.90 -0.0290553169 0.0543431935
5906.10 -0.0419822584 0.0524711631
5906.30 -0.0118222466 0.0524600852
5906.50 -0.1020548445 0.0527568158
5906.70 -0.0333074172 0.0535793685
5906.90 -0.0568537384 0.0535414301
5907.10 -0.0821930112 0.0530344201
5907.30 0.0130813618 0.0525180115
5907.50 -0.0071456537 0.0526331014
5907.70 0.1602253042 0.0533246015
5907.90 0.0676197388 0.0532253560
5908.10 0.0004996383 0.0527078572
5908.30 0.0688305109 0.0522043165
5908.50 0.0074443166 0.0524466194
5908.70 0.0709191123 0.0527843624
5908.90 -0.0123227835 0.0526130721
5909.10 0.0145060488 0.0522908506
5909.30 0.1349389834 0.0520698384
5909.50 0.1147764316 0.0520898873
5909.70 0.0222892029 0.0538680290
5909.90 -0.0881974793 0.0551856786
5910.10 -0.0096267125 0.0545928913
5910.30 -0.0069733047 0.0534261719
5910.50 0.1132568846 0.0527369674
5910.70 -0.0527460306 0.0525477802
5910.90 0.0863696594 0.0520709654
5911.10 0.2976480921 0.0520014328
5911.30 0.1243668790 0.0519633728
5911.50 0.0875460451 0.0520033139
5911.70 0.0472698242 0.0520004436
5911.90 -0.0184817886 0.0522101018
5912.10 -0.1588465261 0.0521989446
5912.30 -0.0079235353 0.0523633701
5912.50 -0.0086276398 0.0525542890
5912.70 -0.0336377378 0.0525935061
5912.90 -0.0113883145 0.0522939853
5913.10 0.0517677604 0.0520049174
5913.30 -0.0971192048 0.0518709530
5913.50 0.0557944177 0.0522318783
5913.70 0.0822688432 0.0532161007
5913.90 0.1165743476 0.0590587328
5914.10 -0.1065800715 0.0624563098
5914.30 0.0511298649 0.0593741034
5914.50 0.0623831998 0.0547569785
5914.70 -0.1811656368 0.0524414961
5914.90 -0.0280498920 0.0523156368
5915.10 -0.0503628519 0.0524850442
5915.30 -0.1534054819 0.0531395264
5915.50 0.0082520486 0.0531501949
5915.70 -0.1137743686 0.0529029117
5915.90 -0.1932715518 0.0536319328
