5870.10 -0.0474667006 0.0607499549
5870.30 -0.1186316419 0.0606421485
5870.50 -0.1780359790 0.0607441428
5870.70 0.0053198363 0.0608467329
5870.90 -0.1555376311 0.0608404423
5871.10 -0.0812042533 0.0610687674
5871.30 -0.0895513350 0.0610091521
5871.50 -0.0528205679 0.0610011274
5871.70 -0.0851607398 0.0607373075
5871.90 -0.1455415785 0.0606410048
5872.10 -0.0702492097 0.0606485391
5872.30 -0.0953129966 0.0605899854
5872.50 -0.0776487266 0.0606488674
5872.70 -0.0436008762 0.0608771621
5872.90 -0.0093911848 0.0622513442
5873.10 -0.1003571080 0.0628166439
5873.30 0.0190259531 0.0625140877
5873.50 0.0983843231 0.0617848140
5873.70 0.0302561711 0.0612344150
5873.90 0.1257670589 0.0611752887
5874.10 0.1275112430 0.0608250145
5874.30 -0.0249615119 0.0606539352
5874.50 0.0236456810 0.0606612745
5874.70 -0.0790361186 0.0605942501
5874.90 -0.0421141993 0.0607678733
5875.10 0.0813455001 0.0609282708
5875.30 -0.1012504635 0.0613328405
5875.50 0.0807389708 0.0619243277
5875.70 0.1483783293 0.0619146084
5875.90 0.0922675009 0.0618410737
5876.10 0.0894067201 0.0618824744
5876.30 0.1384820531 0.0621617162
5876.50 0.0147177564 0.0618347865
5876.70 0.1236724087 0.0612325655
5876.90 -0.0270122660 0.0607111905
5877.10 -0.0240759137 0.0606782978
5877.30 -0.0767734558 0.0609560396
5877.50 -0.0319537604 0.0622575820
5877.70 0.2272767350 0.0628313997
5877.90 0.1040701264 0.0625420364
5878.10 0.0206528110 0.0613584116
5878.30 -0.0002470213 0.0608298212
5878.50 -0.1256245603 0.0607295328
5878.70 0.0804402106 0.0609537722
5878.90 0.1641543066 0.0610680317
5879.10 0.1130664562 0.0612801418
5879.30 -0.0195666332 0.0619631246
5879.50 -0.0432516725 0.0625139454
5879.70 0.0116497630 0.0631988600
5879.90 0.0634497652 0.0635826977
5880.10 -0.0283710319 0.0643669340
5880.30 0.0535262196 0.0631351406
5880.50 -0.0151265482 0.0622903421
5880.70 -0.0549221971 0.0613379453
5880.90 0.0744489632 0.0620369084
5881.10 0.2179855761 0.0631185241
5881.30 0.0457075486 0.0627180017
5881.50 0.0643894290 0.0622640076
5881.70 0.1579591961 0.0616556411
5881.90 0.0757663350 0.0616541172
5882.10 0.1850038435 0.0614720788
5882.30 0.0493554862 0.0612804954
5882.50 -0.1294728340 0.0611313515
5882.70 -0.0057827200 0.0615229655
5882.90 0.1044944115 0.0618543832
5883.10 -0.0690161265 0.0618909255
5883.30 -0.0012146779 0.0619070577
5883.50 0.0655115523 0.0644623517
5883.70 0.0826762539 0.0677213405
5883.90 -0.0487282645 0.0675066827
5884.10 -0.0358420059 0.0651538148
5884.30 -0.1564938508 0.0629053380
5884.50 -0.1075434597 0.0623058933
5884.70 0.0406354870 0.0622072378
5884.90 0.0058436834 0.0621491026
5885.10 0.0121703199 0.0622834729
5885.30 0.0138870401 0.0623742461
5885.50 0.0456858385 0.0624419089
5885.70 0.0733105874 0.0624951558
5885.90 0.0190332218 0.0633387155
5886.10 -0.1357749792 0.0633304851
5886.30 -0.1621019047 0.0638684762
5886.50 0.0447396865 0.0634045565
5886.70 0.1766508389 0.0636904941
5886.90 0.0711937552 0.0635713693
5887.10 -0.1389018991 0.0643945227
5887.30 -0.1278309237 0.0650754365
5887.50 -0.0958413954 0.0661166804
5887.70 0.1069644385 0.0665426884
5887.90 0.0148929576 0.0671737637
5888.10 0.0524527393 0.0679701456
5888.30 -0.0386708723 0.0691284616
5888.50 -0.0933714321 0.0712122890
5888.70 -0.0877669798 0.0741459336
5888.90 -0.1170882988 0.0777837266
5889.10 -0.1262169024 0.0828090057
5889.30 -0.0532800628 0.0895330228
5889.50 0.2417172508 0.1012329453
5889.70 -0.1933421909 0.1263749731
5889.90 -0.6424810894 0.1423666695
5890.10 -0.3746494740 0.1310508267
5890.30 -0.2218597361 0.1070183331
5890.50 0.1517522356 0.0926985378
5890.70 0.1361375033 0.0844198412
5890.90 0.1710684221 0.0794752287
5891.10 0.1660585757 0.0757854692
5891.30 0.1482215635 0.0727545247
5891.50 0.0195087243 0.0710094182
5891.70 0.0211511574 0.0696411710
5891.90 -0.0017524018 0.0682661738
5892.10 -0.0488266944 0.0667852475
5892.30 -0.0716420248 0.0668720222
5892.50 0.1447592486 0.0697113436
5892.70 -0.0656623116 0.0738278129
5892.90 -0.0109743899 0.0716063720
5893.10 0.0281493177 0.0686914863
5893.30 0.1292939992 0.0653975421
5893.50 -0.1118800324 0.0651155208
5893.70 -0.0067208998 0.0650321488
5893.90 0.0462634365 0.0652628421
5894.10 0.1247079861 0.0654125865
5894.30 -0.0016468974 0.0662796754
5894.50 -0.0253193332 0.0674077956
5894.70 0.0297096849 0.0692908139
5894.90 0.0248343894 0.0720964172
5895.10 -0.0177330046 0.0764675976
5895.30 -0.1104773146 0.0830786008
5895.50 0.0311824897 0.0943028431
5895.70 -0.1216486772 0.1185450745
5895.90 -0.2281935997 0.1285851069
5896.10 -0.4041902291 0.1154978488
5896.30 -0.0555200198 0.0944223790
5896.50 0.0197137302 0.0829117602
5896.70 -0.0343071097 0.0765775048
5896.90 -0.1901824204 0.0721445715
5897.10 -0.0620666037 0.0695104854
5897.30 -0.0293952702 0.0674576426
5897.50 -0.0100709479 0.0660675495
5897.70 0.1402929875 0.0650742830
5897.90 -0.2015764048 0.0648631012
5898.10 -0.0403236834 0.0656929475
5898.30 -0.1777153648 0.0650526165
5898.50 -0.1910796829 0.0641029571
5898.70 0.0921712786 0.0628856300
5898.90 0.0567418302 0.0638681649
5899.10 0.1053026705 0.0682529678
5899.30 -0.0224068241 0.0680511645
5899.50 0.1217991111 0.0664893388
5899.70 -0.0329639928 0.0631210008
5899.90 -0.1384650067 0.0635108733
5900.10 -0.2404660494 0.0634765374
5900.30 -0.0809310282 0.0632828323
5900.50 0.0456886029 0.0619992377
5900.70 0.0055002469 0.0616675925
5900.90 -0.0228816172 0.0616596898
5901.10 0.0197986389 0.0617924082
5901.30 0.1010082621 0.0632142359
5901.50 -0.1018339842 0.0636315050
5901.70 -0.1372367461 0.0633902397
5901.90 -0.0467805914 0.0623269631
5902.10 -0.0839426360 0.0621702224
5902.30 0.0344343144 0.0631046616
5902.50 -0.0761690920 0.0625271540
5902.70 0.0334249001 0.0619335319
5902.90 -0.0035080413 0.0612167744
5903.10 0.0606256668 0.0626197210
5903.30 -0.0425501730 0.0624765458
5903.50 -0.1362079426 0.0626303026
5903.70 -0.0696543904 0.0617558813
5903.90 0.2358522505 0.0618161913
5904.10 0.1129308851 0.0615641007
5904.30 0.0583947183 0.0612910467
5904.50 -0.0017514437 0.0611961705
5904.70 0.1778263342 0.0615246093
5904.90 -0.0032496971 0.0615810930
5905.10 0.0102803269 0.0618918361
5905.30 0.0967877654 0.0629691841
5905.50 -0.1027862867 0.0662729243
5905.70 0.1428486517 0.0653004279
5905.90 0.0242518891 0.0637224286
5906.10 -0.0038396942 0.0612904611
5906.30 0.0616364476 0.0614489956
5906.50 0.1491906491 0.0618997005
5906.70 0.2099856913 0.0625769347
5906.90 0.0935566173 0.0622269886
5907.10 0.1194139804 0.0619113398
5907.30 0.4019324081 0.0616225709
5907.50 0.1329827650 0.0616645397
5907.70 0.1200740491 0.0623220133
5907.90 0.0190412149 0.0619376607
5908.10 -0.0647921974 0.0619243723
5908.30 0.0110242889 0.0613550360
5908.50 -0.0713510628 0.0612814413
5908.70 -0.1024703503 0.0610489548
5908.90 -0.0544077109 0.0615297713
5909.10 0.1673661828 0.0615845634
5909.30 0.1706716759 0.0615907454
5909.50 0.0209130717 0.0610531750
5909.70 0.1170065705 0.0631533761
5909.90 0.1615698998 0.0638691214
5910.10 -0.0810016871 0.0637861898
5910.30 0.0772871352 0.0621356003
5910.50 -0.0917450461 0.0614569532
5910.70 -0.0019465954 0.0616772797
5910.90 -0.1025700196 0.0614828064
5911.10 -0.0926023878 0.0612613218
5911.30 -0.0122514125 0.0608280101
5911.50 -0.0110210886 0.0607212233
5911.70 -0.0618059643 0.0607889697
5911.90 -0.0896908464 0.0611852773
5912.10 -0.1144594813 0.0611576729
5912.30 0.0359857377 0.0612005335
5912.50 0.0139013355 0.0610137871
5912.70 -0.0176358324 0.0610530157
5912.90 -0.1445013793 0.0614886182
5913.10 -0.0398694250 0.0614206036
5913.30 0.0461531732 0.0613932558
5913.50 -0.0440955418 0.0611999385
5913.70 -0.0534906379 0.0620744075
5913.90 0.0871941081 0.0691022682
5914.10 -0.0829372370 0.0718687081
5914.30 -0.1570058285 0.0699436788
5914.50 -0.1698577902 0.0639889148
5914.70 -0.1423774808 0.0611499791
5914.90 -0.0530473026 0.0611023963
5915.10 -0.0647821315 0.0610642404
5915.30 -0.0705166792 0.0620403122
5915.50 -0.0392025889 0.0621651193
5915.70 0.0205841432 0.0626146505
5915.90 0.0223999287 0.0636308457
