-2.829695536101898418e-02 1.064217912372544816e-03 1.850773206465842037e-03
-2.659108624636257953e-02 8.713923820493629790e-04 1.675440392639858172e-03
-2.491130125026989536e-02 -1.980838668172446582e-03 1.822537022652983164e-03
-2.316370245738435044e-02 -2.595998001806321120e-03 1.937497195533321786e-03
-2.143696860855937025e-02 2.657242650160762665e-03 1.976309788556554134e-03
-1.968936519804979912e-02 -1.281392677257353618e-03 2.051615726910133771e-03
-1.795741616266968363e-02 -5.852058504272061867e-04 2.012583737568236601e-03
-1.626198161896356964e-02 -7.828738671261659121e-04 2.122099243705671216e-03
-1.448307911322713540e-02 2.166957306994454768e-03 2.192686477110206492e-03
-1.270417639759869981e-02 -2.359555138125357665e-03 2.123005821762385861e-03
-1.104526075329861218e-02 -1.408693526761539694e-03 1.673146301347676768e-03
-9.318526694581634115e-03 -2.715294100477216865e-03 1.698210419297242453e-03
-7.586573251469494635e-03 -3.282136892613363166e-03 1.740586215517508917e-03
-5.838974458583949707e-03 -3.748485911336474352e-03 1.701710390916200393e-03
-4.143539914877835718e-03 -2.491578652435877395e-03 1.721582936515484233e-03
-2.385506551041994064e-03 -6.874478977848319516e-03 1.783178423924839306e-03
-6.744222498304478213e-04 -2.248345933191675527e-03 1.718166052808134522e-03
1.036662051381098204e-03 -1.254839723278666774e-03 1.757894908073018552e-03
2.768615704385238383e-03 -1.329536910783302162e-03 1.786599088450733543e-03
4.495349553210215530e-03 -4.671239591314213513e-03 1.870309521100707193e-03
6.237733159540625148e-03 -3.674176679331453421e-03 1.818343967861275759e-03
7.985331952426170943e-03 -2.853528479691336273e-03 1.757130566561715054e-03
9.696416253637716101e-03 -8.237585395244328978e-04 1.797728437025238003e-03
1.138663582068069439e-02 -3.236683120794281443e-03 1.717947627722928158e-03
1.316553391868510205e-02 1.106267097545243772e-03 1.686448515388700798e-03
1.484531891477778622e-02 -1.175206237198689330e-03 1.555070266875336260e-03
1.658770252110819757e-02 -2.398130989548996617e-03 1.684282785205206030e-03
1.826748751720087827e-02 -2.155408335174024970e-03 1.838364646579147312e-03
2.006203978044274541e-02 2.178747576282447085e-04 1.541848519489170824e-03
2.175747432414885593e-02 -9.048926363904863379e-04 1.482046955929644571e-03
2.344768948345981111e-02 2.477068492519718390e-03 1.516677847688878639e-03
2.527876064610770634e-02 -8.319527306784868514e-04 1.790416286878378010e-03
3.056329530856552804e-02 -2.382005989115754119e-03 2.362576674310113735e-03
3.244131553383771543e-02 4.207934348835484784e-04 2.277003720531869512e-03
3.412109591230637340e-02 2.975758884075085930e-04 1.989481071827028241e-03
3.586348413626080922e-02 7.069408316031644546e-04 2.114760807788309150e-03
3.751196520961060099e-02 1.759290631934140592e-03 1.984752056632573414e-03
3.934303175463446656e-02 -4.003565775515194325e-03 1.893283189004076007e-03
4.098630246894514884e-02 -1.379381439292615141e-05 1.732442705721440324e-03
4.276520035705755340e-02 5.119576530498992639e-04 1.698954910098412780e-03
