5870.10 0.0691059408 0.0580611464
5870.30 0.1027677038 0.0580936074
5870.50 0.0454159525 0.0580911808
5870.70 0.1484331732 0.0581121969
5870.90 0.0700510133 0.0580538798
5871.10 -0.0299229636 0.0582433684
5871.30 -0.0494068049 0.0582935824
5871.50 0.0208640634 0.0582190806
5871.70 0.1044996592 0.0579937461
5871.90 -0.0364742801 0.0579244144
5872.10 -0.0287591762 0.0578987767
5872.30 -0.0070992990 0.0578820373
5872.50 0.1681446647 0.0579777423
5872.70 0.0192915742 0.0581360756
5872.90 -0.1346993909 0.0591494312
5873.10 -0.1237976871 0.0600767812
5873.30 -0.0858112872 0.0599368351
5873.50 0.1462796979 0.0589614312
5873.70 -0.0649289257 0.0584131252
5873.90 -0.0666948565 0.0583329212
5874.10 -0.0427230801 0.0579981922
5874.30 -0.0922564989 0.0578520393
5874.50 -0.0935187837 0.0578751476
5874.70 -0.1150625094 0.0578810377
5874.90 -0.0228163969 0.0580188579
5875.10 -0.1364827576 0.0581233761
5875.30 -0.1823772870 0.0584499092
5875.50 -0.0193917718 0.0588817803
5875.70 -0.0559738113 0.0590358860
5875.90 -0.0980781141 0.0589037041
5876.10 -0.1428254049 0.0589435589
5876.30 -0.1446488217 0.0589873379
5876.50 -0.1346518460 0.0587340083
5876.70 -0.0424659922 0.0582804569
5876.90 0.0519240664 0.0579923984
5877.10 -0.0948753941 0.0579721354
5877.30 -0.0593186883 0.0581448070
5877.50 -0.0333195548 0.0590601993
5877.70 0.0115942095 0.0598506948
5877.90 -0.0174709686 0.0598727789
5878.10 -0.0389576501 0.0586948083
5878.30 -0.0252992816 0.0581241245
5878.50 0.0408906037 0.0580543116
5878.70 -0.0356105142 0.0581346369
5878.90 -0.0952466704 0.0582428539
5879.10 -0.0135611938 0.0584634045
5879.30 0.0009173935 0.0592090106
5879.50 0.0140750790 0.0596570392
5879.70 -0.1561881003 0.0599443131
5879.90 -0.0057888390 0.0600626005
5880.10 0.0593468255 0.0611497148
5880.30 0.0857993429 0.0606676942
5880.50 -0.0577916924 0.0597762528
5880.70 0.1080336710 0.0587713441
5880.90 0.0084529986 0.0589344474
5881.10 0.0597084123 0.0596683334
5881.30 0.0451348359 0.0596783956
5881.50 -0.0611551906 0.0595023283
5881.70 0.0066354749 0.0588461619
5881.90 -0.0234168669 0.0587115891
5882.10 0.0482245153 0.0583649478
5882.30 0.0325829843 0.0583365226
5882.50 0.2140240542 0.0586147588
5882.70 0.0990553267 0.0587660993
5882.90 0.0694598319 0.0588610676
5883.10 0.0213583659 0.0587782492
5883.30 0.0791205951 0.0588390135
5883.50 -0.0227629880 0.0609603942
5883.70 0.1042010262 0.0645192400
5883.90 0.1811168624 0.0651118244
5884.10 0.2746113137 0.0618250013
5884.30 0.1143493601 0.0596617647
5884.50 0.1281199117 0.0595050663
5884.70 -0.0100819603 0.0593548972
5884.90 0.0855551797 0.0593750602
5885.10 0.1575954747 0.0596350180
5885.30 0.0405082991 0.0597415135
5885.50 -0.0533357780 0.0598052187
5885.70 0.0571007774 0.0600282655
5885.90 -0.1125541278 0.0600862893
5886.10 -0.0139632854 0.0601530658
5886.30 0.1272619763 0.0602265183
5886.50 0.0127945501 0.0601956222
5886.70 0.0099308606 0.0603383518
5886.90 -0.0271034117 0.0609014493
5887.10 -0.1483617362 0.0613349272
5887.30 -0.0461010263 0.0621029584
5887.50 0.0690819674 0.0623871494
5887.70 -0.0704991242 0.0628368919
5887.90 -0.0670508405 0.0631654700
5888.10 0.1051709846 0.0643624010
5888.30 0.0267878673 0.0660048590
5888.50 -0.0873455337 0.0679811098
5888.70 0.0136398723 0.0704843321
5888.90 -0.0421168544 0.0734552494
5889.10 -0.0343599917 0.0781198300
5889.30 -0.0406471063 0.0850299389
5889.50 -0.1069661868 0.0950353451
5889.70 -0.5343056059 0.1159182808
5889.90 -0.0312403844 0.1356502028
5890.10 -0.0557419996 0.1282496401
5890.30 -0.1465665296 0.1029603804
5890.50 -0.0581565926 0.0890170471
5890.70 0.0403493321 0.0814201371
5890.90 0.0425656500 0.0763511059
5891.10 -0.0410604334 0.0728657670
5891.30 0.0006861714 0.0705182951
5891.50 -0.1218510982 0.0678022951
5891.70 0.0266146824 0.0660056035
5891.90 0.2235574946 0.0645017303
5892.10 0.0825144602 0.0639749426
5892.30 0.0775033005 0.0637254171
5892.50 0.0959878599 0.0653442465
5892.70 0.0034378998 0.0692114957
5892.90 -0.0288470124 0.0691553435
5893.10 0.0218669090 0.0659251327
5893.30 -0.1017774258 0.0622294813
5893.50 0.0160994970 0.0619994873
5893.70 0.0939376466 0.0618162427
5893.90 -0.0620355757 0.0620855144
5894.10 0.0257593498 0.0626457619
5894.30 0.1341064187 0.0633654834
5894.50 0.1643735878 0.0643109091
5894.70 0.0702838364 0.0659328362
5894.90 0.0198145213 0.0684682525
5895.10 0.0068604965 0.0721687999
5895.30 0.0507874943 0.0779103956
5895.50 -0.1361664372 0.0877370346
5895.70 -0.2280297057 0.1090309880
5895.90 -0.3990629481 0.1256377685
5896.10 -0.4305510748 0.1157984284
5896.30 -0.0626415675 0.0922806739
5896.50 -0.0097389012 0.0803523375
5896.70 -0.1783109855 0.0731833830
5896.90 0.0957115056 0.0688619286
5897.10 -0.0045852587 0.0662298760
5897.30 -0.1496564189 0.0644766162
5897.50 -0.0878041075 0.0631710877
5897.70 0.0811320409 0.0623116230
5897.90 0.0438630752 0.0623144691
5898.10 0.1178335710 0.0624348793
5898.30 0.0890794394 0.0616036510
5898.50 0.0644209625 0.0605558458
5898.70 0.0163877108 0.0601935217
5898.90 0.0247022488 0.0606334153
5899.10 -0.0007594790 0.0639579650
5899.30 -0.1125472719 0.0649318146
5899.50 0.1754931901 0.0643301248
5899.70 -0.0219854459 0.0612488280
5899.90 -0.0209568512 0.0605017110
5900.10 -0.0675695682 0.0597080270
5900.30 -0.1087999747 0.0589185780
5900.50 -0.0579732898 0.0587889605
5900.70 0.0700112743 0.0588516851
5900.90 0.0756867616 0.0590228090
5901.10 -0.0303889743 0.0596408970
5901.30 -0.0288159001 0.0602287663
5901.50 -0.0293480842 0.0601548562
5901.70 -0.0129516307 0.0594228181
5901.90 0.0364706642 0.0590828027
5902.10 0.0271937769 0.0592052273
5902.30 -0.0321315283 0.0598168668
5902.50 -0.0513564702 0.0595392017
5902.70 -0.0816610137 0.0590814945
5902.90 -0.1238165500 0.0583230044
5903.10 -0.0054068377 0.0595585704
5903.30 0.0369829750 0.0600757003
5903.50 -0.0527568183 0.0600053854
5903.70 0.0389547065 0.0587591559
5903.90 0.0170311441 0.0585236874
5904.10 -0.0708925393 0.0584611265
5904.30 -0.0152705392 0.0583746376
5904.50 0.0316572393 0.0583891626
5904.70 -0.0660394669 0.0586421204
5904.90 -0.0427771034 0.0589747616
5905.10 -0.0502296625 0.0591310377
5905.30 0.0940397864 0.0596159969
5905.50 -0.0151437409 0.0623725779
5905.70 -0.1191597583 0.0626896079
5905.90 -0.1862390996 0.0612016885
5906.10 0.0887054520 0.0586196555
5906.30 -0.1336649972 0.0585560218
5906.50 -0.0088424645 0.0589187130
5906.70 -0.0542065580 0.0596640183
5906.90 -0.0068999164 0.0597111752
5907.10 -0.0599888390 0.0591814187
5907.30 -0.0345574213 0.0584977542
5907.50 -0.0183288792 0.0585723898
5907.70 0.0843375035 0.0591725572
5907.90 0.1052596475 0.0593590018
5908.10 0.0480914245 0.0589012517
5908.30 0.0929168572 0.0583372977
5908.50 0.0522304614 0.0582565356
5908.70 0.0357828783 0.0585493619
5908.90 0.0332575894 0.0586486795
5909.10 0.0342288973 0.0584917232
5909.30 0.0536525471 0.0581711178
5909.50 -0.0339130968 0.0581217509
5909.70 -0.0068237592 0.0597070698
5909.90 -0.0858814628 0.0611564263
5910.10 -0.0045677011 0.0612776815
5910.30 -0.0255454909 0.0592899990
5910.50 -0.0050361126 0.0585462346
5910.70 0.1321686984 0.0585285893
5910.90 0.0938000100 0.0582491942
5911.10 -0.0597545147 0.0580118503
5911.30 -0.0088774462 0.0580523535
5911.50 0.0469507310 0.0580730370
5911.70 0.0078817397 0.0580919642
5911.90 -0.0386791544 0.0583020370
5912.10 -0.0044530729 0.0583609351
5912.30 -0.0077557356 0.0584365850
5912.50 0.0138899801 0.0583825893
5912.70 0.0103812327 0.0585542056
5912.90 0.0588195347 0.0584206204
5913.10 0.0924647900 0.0582277533
5913.30 0.0986337196 0.0580780921
5913.50 0.1340997938 0.0583916899
5913.70 0.0798903647 0.0591548376
5913.90 0.1089200178 0.0646162626
5914.10 -0.0178337485 0.0689345929
5914.30 0.0315745133 0.0679379106
5914.50 -0.0418052203 0.0612077909
5914.70 -0.1816672876 0.0585393936
5914.90 -0.0686784355 0.0582974079
5915.10 -0.1273248855 0.0582824820
5915.30 -0.0406384433 0.0589653399
5915.50 -0.0814473591 0.0592035062
5915.70 -0.0984575046 0.0592537679
5915.90 -0.0173403892 0.0598001694
