-1.351046476646041578e-02 -1.157645976947119237e-03 1.825750213702428048e-03
-1.178886466609408920e-02 -2.826178769137155378e-03 1.885405498238718015e-03
-1.006204497144059899e-02 -3.705751008065916174e-03 1.936292231722915209e-03
-8.335229894411136722e-03 -1.959744005696206770e-03 1.936923369514026482e-03
-6.603195223094513421e-03 -1.779982490909937098e-03 2.058960565916089901e-03
-4.876375528441024079e-03 -4.624306507644337927e-03 1.953828685250987365e-03
-3.149560451411561809e-03 -8.398888376841551207e-04 1.958785456747355862e-03
-1.422745374382099540e-03 -2.997807236566285560e-03 1.921212324289865193e-03
2.988547259842277938e-04 -5.228365739328388884e-03 1.903041409432443525e-03
2.025674420637717243e-03 -6.859572900733135192e-03 2.182487959339206047e-03
3.757709091954341413e-03 -5.029848227977251618e-03 2.658542252656487595e-03
5.484524168983803682e-03 -6.644627006198167152e-04 1.747929863348612499e-03
7.211339246013265952e-03 -1.758477556310533707e-03 1.775258354019934722e-03
8.938158940666754426e-03 -1.561249833958000544e-03 1.737468938838792991e-03
1.066497401769621670e-02 -3.841430064712825221e-03 1.667114178409078449e-03
1.239178909472568070e-02 -5.189143002220952816e-03 1.622397875846058905e-03
1.411860878937916744e-02 -1.303022773686768332e-03 1.582463746255034645e-03
1.584542386640862971e-02 -2.172262627092136356e-03 1.588267107836765753e-03
1.757224335117011857e-02 -1.446361359189296536e-03 1.521871352336666297e-03
1.929905863809158392e-02 -9.041095277095845262e-04 1.489796919194752043e-03
2.102587371512104272e-02 3.229964347469138630e-03 1.516083269946123064e-03
2.275269319988253158e-02 -2.990654451031304895e-03 1.454422594928099543e-03
2.447950848680399694e-02 -3.751310073769609232e-04 1.375005893180657364e-03
3.070856806928483687e-02 9.453973828406070368e-04 1.290261234068054014e-03
3.243538755404632573e-02 8.836265911562612985e-04 1.160022739978007825e-03
3.416220263107578453e-02 -1.413503726745979350e-04 1.166861352650873504e-03
3.588902232572927647e-02 -1.710479005004872377e-03 1.201072806803569776e-03
3.762105258931387058e-02 -4.694506791349528640e-04 1.185859955300359262e-03
3.934787207407535597e-02 -3.021049431378708405e-04 1.166653793349234532e-03
4.107468715110482865e-02 -2.084506946579911535e-03 1.136811953597700094e-03
4.280150243802629401e-02 -1.223624664363653913e-03 1.140685563762476162e-03
4.452832192278777940e-02 1.663154712838288418e-03 1.295504797466172798e-03
4.625513699981723820e-02 1.573404585500925990e-04 1.342504607447835528e-03
4.798195228673870355e-02 2.844952510395737377e-04 1.119362501264170627e-03
4.970877177150018894e-02 -9.819214580771840062e-04 1.072084717318351260e-03
5.143558684852965468e-02 1.002587508089569646e-03 1.070420109479986804e-03
5.316240213545112003e-02 -3.656418001746208901e-04 1.055825674988240251e-03
5.488922162021260542e-02 -1.927594270001664611e-03 1.065967039672599320e-03
5.661603669724206422e-02 2.904667059915322369e-04 1.041811293828570325e-03
