5870.10 -0.0451333137 0.0326514576
5870.30 0.0521634271 0.0326748868
5870.50 -0.0553021953 0.0326682010
5870.70 0.0327495277 0.0326811198
5870.90 -0.0017816574 0.0326847486
5871.10 -0.0260615282 0.0327998390
5871.30 -0.0557728790 0.0327769338
5871.50 -0.0233944764 0.0327303583
5871.70 0.0165309286 0.0326242397
5871.90 -0.0511709791 0.0325879173
5872.10 -0.0255280024 0.0325683497
5872.30 -0.0181405915 0.0325407071
5872.50 -0.0087886419 0.0325636263
5872.70 -0.0630854242 0.0326815050
5872.90 -0.0636217850 0.0333608225
5873.10 -0.0432086374 0.0338290303
5873.30 -0.0467097815 0.0336150933
5873.50 0.0170525999 0.0331409523
5873.70 -0.0189536704 0.0328679424
5873.90 0.0057176719 0.0328010034
5874.10 -0.0112472051 0.0326193859
5874.30 -0.0512143809 0.0325463177
5874.50 -0.0267281385 0.0325602493
5874.70 -0.1071482875 0.0325523616
5874.90 -0.0235248580 0.0326432233
5875.10 -0.0367500101 0.0327384124
5875.30 -0.0319558022 0.0329551642
5875.50 0.0341440272 0.0332037036
5875.70 0.0062808137 0.0332512389
5875.90 -0.0304138776 0.0331958559
5876.10 -0.0154886476 0.0332350348
5876.30 0.0261705832 0.0332648456
5876.50 -0.0233594692 0.0330919983
5876.70 0.0448069819 0.0328067231
5876.90 0.0624088975 0.0326344996
5877.10 -0.0092197631 0.0326203318
5877.30 -0.0126710321 0.0327224813
5877.50 -0.0205185450 0.0333073768
5877.70 0.0682836996 0.0337056292
5877.90 0.0348233970 0.0335881011
5878.10 0.0100294808 0.0329766189
5878.30 -0.0081411158 0.0326738771
5878.50 -0.0615861105 0.0326255453
5878.70 -0.0035061384 0.0327105219
5878.90 0.0193664566 0.0327918897
5879.10 0.0708834204 0.0329405969
5879.30 -0.0058045309 0.0333967567
5879.50 0.0003790067 0.0336005112
5879.70 -0.0670876571 0.0337827902
5879.90 0.0037326989 0.0338930678
5880.10 -0.0238117868 0.0344624363
5880.30 0.0689951004 0.0340499920
5880.50 0.0036131213 0.0336097900
5880.70 0.0309618415 0.0330906458
5880.90 0.0091084090 0.0332293867
5881.10 0.1444423883 0.0337151427
5881.30 0.0411715201 0.0336196640
5881.50 0.0045294826 0.0335166240
5881.70 0.0618129374 0.0331550158
5881.90 0.0374826508 0.0330551644
5882.10 0.0725688346 0.0328947228
5882.30 0.0619817159 0.0328851520
5882.50 0.0062174094 0.0329599853
5882.70 0.0148459363 0.0330785304
5882.90 0.0822897032 0.0331432597
5883.10 0.0048384124 0.0331079903
5883.30 -0.0044363412 0.0331598683
5883.50 -0.0204718481 0.0345936044
5883.70 0.0639904420 0.0365903737
5883.90 0.0246849125 0.0363732617
5884.10 0.0395399810 0.0347259615
5884.30 -0.0648383353 0.0336081050
5884.50 0.0246357000 0.0334375294
5884.70 0.0283402786 0.0333777923
5884.90 0.0275445664 0.0333909902
5885.10 -0.0400902716 0.0334968317
5885.30 0.0131224807 0.0335876086
5885.50 -0.0066321556 0.0337325015
5885.70 0.0980448140 0.0338224510
5885.90 0.0052097707 0.0339904834
5886.10 -0.0063266307 0.0339434111
5886.30 0.0411640909 0.0340488716
5886.50 0.0665114326 0.0339428305
5886.70 0.0935934253 0.0341309193
5886.90 0.0101281074 0.0343618765
5887.10 -0.0531513768 0.0346633281
5887.30 -0.0043632377 0.0350654689
5887.50 0.0016658017 0.0352896031
5887.70 0.0818500095 0.0354960870
5887.90 0.0542910111 0.0357300729
5888.10 0.0302614162 0.0363161586
5888.30 -0.0195061278 0.0372301727
5888.50 -0.0278966279 0.0383500209
5888.70 -0.0459931635 0.0397653570
5888.90 -0.0455410443 0.0415344562
5889.10 -0.0102034722 0.0442949112
5889.30 -0.0580779660 0.0482146833
5889.50 -0.0157792401 0.0541441784
5889.70 -0.3039099726 0.0669646305
5889.90 -0.2958282451 0.0767732590
5890.10 -0.2442764424 0.0704452867
5890.30 -0.1356352858 0.0574131664
5890.50 0.0599303952 0.0498160058
5890.70 -0.0008535780 0.0455209135
5890.90 0.0315940207 0.0428012983
5891.10 0.0761898854 0.0410313212
5891.30 0.0558230211 0.0396245647
5891.50 0.0143250987 0.0382113136
5891.70 0.0348218111 0.0371746863
5891.90 0.1067007568 0.0364492383
5892.10 0.0770603404 0.0360477424
5892.30 -0.0029876800 0.0359146336
5892.50 0.0417116296 0.0370242672
5892.70 -0.0383771936 0.0393613162
5892.90 -0.0330118711 0.0386409379
5893.10 0.0220116157 0.0369633061
5893.30 0.0300220589 0.0350939736
5893.50 -0.0224360842 0.0348965413
5893.70 0.0135627715 0.0347958033
5893.90 0.0112420061 0.0349955969
5894.10 0.0342845072 0.0352431558
5894.30 0.0502175980 0.0356525691
5894.50 0.1090311782 0.0362642666
5894.70 0.0511376029 0.0372504870
5894.90 0.0270229513 0.0386926951
5895.10 -0.0089142276 0.0408447287
5895.30 0.0239291201 0.0442249553
5895.50 0.0286359830 0.0500629378
5895.70 -0.2661525763 0.0627852400
5895.90 -0.2779457648 0.0703750674
5896.10 -0.3038112311 0.0634622320
5896.30 -0.0624454302 0.0513825113
5896.50 0.0025409643 0.0449232280
5896.70 -0.0381923986 0.0411137050
5896.90 -0.0701167571 0.0386824603
5897.10 -0.1120906015 0.0372865262
5897.30 -0.0623652419 0.0362764946
5897.50 -0.0206311271 0.0355387608
5897.70 -0.0024466138 0.0351550588
5897.90 -0.0587385944 0.0351247837
5898.10 0.0263835651 0.0352219964
5898.30 -0.0258993771 0.0346881109
5898.50 -0.0353753532 0.0342300274
5898.70 0.0263628945 0.0339101233
5898.90 -0.0025297173 0.0341906652
5899.10 0.0916368925 0.0363058192
5899.30 -0.0127282902 0.0365464472
5899.50 0.0812550533 0.0361022511
5899.70 0.0032073776 0.0345248280
5899.90 -0.0317657523 0.0341495197
5900.10 -0.0673686290 0.0337137989
5900.30 -0.0661998232 0.0333842500
5900.50 -0.0165113532 0.0331573035
5900.70 0.0170345613 0.0331408155
5900.90 0.0375155201 0.0333041920
5901.10 0.0367846527 0.0336755193
5901.30 -0.0325884134 0.0340164110
5901.50 -0.1059700953 0.0339158136
5901.70 -0.1012758877 0.0336217119
5901.90 0.0012223045 0.0333511160
5902.10 0.0014964325 0.0333603740
5902.30 0.0013724213 0.0337406287
5902.50 -0.0582092728 0.0335036663
5902.70 -0.0741865768 0.0332079858
5902.90 -0.0075746833 0.0328550539
5903.10 0.0016052240 0.0336292224
5903.30 -0.0143861470 0.0337771238
5903.50 -0.0388788743 0.0337045884
5903.70 0.0393755598 0.0331141411
5903.90 0.0666474450 0.0330031146
5904.10 -0.0066924905 0.0329436248
5904.30 0.0710974902 0.0328764915
5904.50 0.0944411460 0.0328696944
5904.70 0.0820062652 0.0330620903
5904.90 -0.0507455592 0.0331982462
5905.10 -0.0283595835 0.0332974797
5905.30 0.0967608651 0.0336564858
5905.50 -0.0379600651 0.0353593352
5905.70 -0.0255826415 0.0351485418
5905.90 -0.0637713434 0.0342614291
5906.10 0.0098467277 0.0329611969
5906.30 -0.0295801098 0.0329717884
5906.50 -0.0007242213 0.0331797572
5906.70 0.0299871882 0.0336215440
5906.90 0.0023843310 0.0335660667
5907.10 -0.0171759597 0.0332972819
5907.30 0.1092758695 0.0330024838
5907.50 0.0292707365 0.0330508543
5907.70 0.1241393385 0.0334309136
5907.90 0.0653123291 0.0333802393
5908.10 -0.0033345487 0.0331682682
5908.30 0.0596784411 0.0328546215
5908.50 -0.0012120458 0.0328886290
5908.70 0.0089285153 0.0329879598
5908.90 -0.0101464343 0.0330386666
5909.10 0.0641894690 0.0329388954
5909.30 0.1188410236 0.0328271608
5909.50 0.0404472627 0.0327411612
5909.70 0.0396423814 0.0337893121
5909.90 -0.0146120727 0.0344849516
5910.10 -0.0292491391 0.0343474875
5910.30 0.0114640291 0.0334479904
5910.50 0.0161138963 0.0330396070
5910.70 0.0203510430 0.0330232737
5910.90 0.0347110123 0.0328250688
5911.10 0.0722746805 0.0327313737
5911.30 0.0426632026 0.0326626136
5911.50 0.0459888325 0.0326596227
5911.70 0.0031756955 0.0326728099
5911.90 -0.0456116861 0.0328236431
5912.10 -0.0973695504 0.0328271188
5912.30 0.0044492211 0.0328880077
5912.50 0.0049145199 0.0328962430
5912.70 -0.0153982346 0.0329426701
5912.90 -0.0273245032 0.0329123018
5913.10 0.0383565487 0.0327952345
5913.30 0.0052743857 0.0327306337
5913.50 0.0514469551 0.0328472068
5913.70 0.0422153249 0.0333627183
5913.90 0.1054960338 0.0368691215
5914.10 -0.0723403652 0.0389098459
5914.30 -0.0155337905 0.0376682809
5914.50 -0.0381252650 0.0344072119
5914.70 -0.1704563013 0.0329177471
5914.90 -0.0484025205 0.0328360732
5915.10 -0.0792135448 0.0328692708
5915.30 -0.0937802737 0.0333045653
5915.50 -0.0344702500 0.0333691079
5915.70 -0.0711231581 0.0333853665
5915.90 -0.0765289284 0.0338198041
