-4.351522639010666632e-02 3.450248783053222468e-03 3.742837037205670563e-03
-4.051942828658215701e-02 5.698302259458110086e-03 3.422630159987442855e-03
-3.739464601190854026e-02 -7.088242939047084690e-03 3.538847271888592716e-03
-3.476916342115567160e-02 -6.559778644981695273e-03 3.690091689641399053e-03
-3.211871804751036813e-02 5.891559270456481201e-03 3.681521633886276467e-03
-2.949323545675749947e-02 1.223880418997902453e-04 3.639223107633254763e-03
-2.688855644057800906e-02 -7.495310865675119949e-03 3.664598614879254965e-03
-2.425891095871678116e-02 -8.229019548403493367e-03 4.008912972195140256e-03
-2.111748800057813846e-02 -4.643462832597200496e-03 4.330257372746449708e-03
-1.851280881699913020e-02 1.667157420070841667e-03 4.606207170689814029e-03
-1.588732622624626153e-02 -1.532257496191458124e-03 4.988602983821503398e-03
-1.323687716981165538e-02 -9.827036578959891244e-04 5.326022980012695696e-03
-1.063636104474052074e-02 -2.970820606940871578e-03 5.345099297522857770e-03
-8.035841236880079952e-03 -8.261020722544087924e-03 5.679441733370569484e-03
-5.385395863234778216e-03 -6.058203582340437876e-03 6.038402562701029007e-03
-2.784876055374340027e-03 -1.512033863083850349e-02 5.983267260023164905e-03
-1.344306817290373969e-04 -8.245007750751542908e-03 6.209364079778041147e-03
2.466089126131401632e-03 -8.947804711113671594e-03 6.202710378574716014e-03
5.116534499776703368e-03 -1.262539274103025022e-03 6.582789157770739530e-03
7.771142931929874396e-03 -6.047657072138945544e-03 6.210303950208008981e-03
1.037165905700101164e-02 7.255693728523970876e-03 6.447080764815198151e-03
1.297633807318050378e-02 -6.274018441186024475e-03 6.298107178076451859e-03
1.568087558650832491e-02 -2.711990970221678232e-03 6.237224493710911109e-03
1.823562535411364996e-02 1.204771022546291537e-02 6.004865134287106464e-03
2.091519656915925146e-02 1.619186033091746246e-03 5.761534717533384718e-03
2.356564562559385415e-02 -2.691356233227581995e-04 5.085459571475927851e-03
2.611623250209082689e-02 9.415757306109218128e-03 4.877343798364679184e-03
2.874171509284369902e-02 2.924130502356625527e-03 4.769319715753721212e-03
3.149202264642663590e-02 5.381781208331215538e-04 4.448767309650606544e-03
3.401764322464138207e-02 -3.788699529639005803e-03 4.504120777884492409e-03
3.661816286510231194e-02 5.449386533731503945e-03 4.535591952232792892e-03
3.919371269189122348e-02 -1.227952789540687206e-03 4.590034945725685045e-03
4.198146801890235286e-02 -2.972324967257855555e-03 3.951637548061539759e-03
4.455702136108105615e-02 -3.499206479554373139e-03 3.740184601991276836e-03
4.718250043644413305e-02 4.073175227109482321e-04 3.853969391007561023e-03
4.975805377862283635e-02 1.094298104287072526e-03 3.672816470505975515e-03
5.238353636937571889e-02 -1.844483489696013834e-03 3.872066910090799560e-03
5.511304034838527405e-02 -5.225726425682308829e-03 3.846809318592086385e-03
5.763866092660002716e-02 -2.961136520136520289e-03 3.793082342905215211e-03
6.031407276592706118e-02 -4.363434658675835465e-03 3.103689270765080683e-03
6.298116233842718237e-02 -9.161452655908064457e-04 3.380547371264449111e-03
