5870.10 -0.0649580833 0.0852189881
5870.40 -0.1877539999 0.0851343949
5870.70 0.0671719103 0.0852085318
5871.00 -0.0857474223 0.0850893950
5871.30 0.0392044797 0.0851135713
5871.60 -0.0863538892 0.0850685063
5871.90 -0.0403002305 0.0851611557
5872.20 -0.1124960468 0.0852569075
5872.50 0.0473752264 0.0853601152
5872.80 -0.0213778655 0.0853806473
5873.10 0.0598362371 0.0854295926
5873.40 -0.1955331605 0.0853029378
5873.70 -0.0367326052 0.0853834955
5874.00 0.0659529804 0.0854012645
5874.30 -0.0374490554 0.0852876054
5874.60 -0.1041236224 0.0852781013
5874.90 -0.0602880091 0.0853090151
5875.20 -0.0834173108 0.0853248115
5875.50 -0.1637146255 0.0853481614
5875.80 -0.1229467014 0.0853873786
5876.10 0.0464359206 0.0854308717
5876.40 -0.0325943755 0.0853962483
5876.70 -0.0750337096 0.0853735769
5877.00 -0.0811273183 0.0852969288
5877.30 0.0544745066 0.0852937413
5877.60 -0.0246551379 0.0852200770
5877.90 0.0629823168 0.0853211860
5878.20 0.0175096431 0.0853464917
5878.50 -0.0826355111 0.0853720984
5878.80 -0.0638891959 0.0854405089
5879.10 0.1015505072 0.0855613392
5879.40 -0.0359412130 0.0855237850
5879.70 -0.0784265685 0.0855160813
5880.00 0.2195110219 0.0857629983
5880.30 -0.1951042386 0.0856441959
5880.60 -0.0398821873 0.0856578085
5880.90 -0.0241227799 0.0855907172
5881.20 -0.0744380887 0.0854911388
5881.50 -0.0370816099 0.0853442851
5881.80 0.0289423775 0.0853385448
5882.10 -0.1362669482 0.0853838001
5882.40 -0.0869457271 0.0854113617
5882.70 -0.1098476675 0.0859006218
5883.00 -0.0954763085 0.0861852921
5883.30 -0.0513904905 0.0862139182
5883.60 0.1436824254 0.0863432863
5883.90 0.1121467453 0.0864889404
5884.20 0.0044246024 0.0866195712
5884.50 -0.0343645630 0.0865055465
5884.80 0.0650417100 0.0862739219
5885.10 -0.0706536859 0.0856524673
5885.40 -0.0615636911 0.0856709879
5885.70 -0.0004643858 0.0857742300
5886.00 0.0171709489 0.0858401314
5886.30 -0.0989217767 0.0856879386
5886.60 -0.0192834932 0.0855593886
5886.90 0.0363049047 0.0855793782
5887.20 -0.0689543796 0.0855338964
5887.50 -0.1793193395 0.0855154328
5887.80 0.1125967593 0.0857682507
5888.10 -0.0303437346 0.0859211600
5888.40 0.0186201261 0.0869020578
5888.70 0.0171984314 0.0899578611
5889.00 -0.1780767671 0.0934361959
5889.30 -0.1096281021 0.0947312106
5889.60 -0.4271251104 0.0952430362
5889.90 -0.4340735350 0.0961238166
5890.20 -0.1816002559 0.0960953596
5890.50 -0.0943970655 0.0955227060
5890.80 -0.1633404888 0.0935582045
5891.10 0.0368269099 0.0898155933
5891.40 0.1016129368 0.0873097966
5891.70 -0.1534901519 0.0872234779
5892.00 -0.0060136133 0.0873795038
5892.30 -0.1348505597 0.0869685186
5892.60 0.0610512575 0.0869641268
5892.90 -0.0513760027 0.0867831273
5893.20 0.0110313095 0.0867457551
5893.50 -0.0109896573 0.0866241231
5893.80 0.0358709414 0.0863306347
5894.10 -0.0539998958 0.0856291048
5894.40 0.1352535456 0.0861926800
5894.70 -0.0449218322 0.0887572195
5895.00 -0.1215339943 0.0916270328
5895.30 -0.1487814014 0.0924705078
5895.60 -0.3798628563 0.0927991996
5895.90 -0.2546315687 0.0934079830
5896.20 -0.1883883856 0.0936293625
5896.50 0.0803735626 0.0935609712
5896.80 -0.0591705346 0.0920555979
5897.10 0.0822742269 0.0888508851
5897.40 0.1750306343 0.0868385506
5897.70 -0.1202067094 0.0862084941
5898.00 -0.1466901788 0.0861627720
5898.30 0.0248135014 0.0866811392
5898.60 -0.1331171128 0.0864704618
5898.90 -0.1805436535 0.0863015107
5899.20 0.1808443289 0.0864666239
5899.50 0.1094576245 0.0864246952
5899.80 0.0452516117 0.0864944386
5900.10 -0.1577357079 0.0863440231
5900.40 -0.0196029422 0.0861895159
5900.70 -0.0653216481 0.0857444756
5901.00 -0.1130154191 0.0854938941
5901.30 -0.1752085395 0.0854726238
5901.60 -0.0785018686 0.0856127978
5901.90 -0.0231212916 0.0855099603
5902.20 -0.0538893076 0.0854057286
5902.50 -0.0187490409 0.0853854438
5902.80 0.0689899495 0.0853329483
5903.10 -0.1743812389 0.0852404646
5903.40 0.0399380999 0.0853520388
5903.70 0.0005776057 0.0852843923
5904.00 0.0990727044 0.0852574945
5904.30 -0.0257989030 0.0853325653
5904.60 0.0533497584 0.0859448341
5904.90 0.0030487182 0.0861033972
5905.20 -0.0987820600 0.0860728596
5905.50 -0.0016152156 0.0862997295
5905.80 0.0063173740 0.0864536200
5906.10 -0.0638336188 0.0863905054
5906.40 0.0012425313 0.0864487509
5906.70 -0.1393704605 0.0860914401
5907.00 0.0863573879 0.0856550084
5907.30 -0.1884862832 0.0855435930
5907.60 -0.2455843618 0.0854456129
5907.90 -0.1187749698 0.0853055474
5908.20 -0.0945214489 0.0851811093
5908.50 -0.0561785002 0.0852332661
5908.80 -0.1708632872 0.0854086533
5909.10 0.0724029250 0.0857351082
5909.40 0.0621197573 0.0856716844
5909.70 -0.0125243104 0.0855958082
5910.00 0.0081406202 0.0856446389
5910.30 -0.0214195858 0.0856318690
5910.60 -0.1578533247 0.0854869397
5910.90 -0.0634712044 0.0854633808
5911.20 -0.1250199718 0.0852234302
5911.50 -0.1876858000 0.0850384607
5911.80 -0.1727091870 0.0850438763
5912.10 -0.0453626225 0.0851325740
5912.40 0.1010887829 0.0852883257
5912.70 0.1431562736 0.0855319282
5913.00 -0.0071860215 0.0867022495
5913.30 -0.0029339431 0.0875183728
5913.60 -0.1928530111 0.0874630181
5913.90 0.1472702360 0.0878214528
5914.20 -0.1155650219 0.0878935643
5914.50 -0.1105797741 0.0878258277
5914.80 -0.0419997912 0.0877937174
5915.10 -0.1976864095 0.0876634054
5915.40 0.0057424968 0.0865836616
5915.70 -0.0181775211 0.0861063536
