-1.107096398731464010e-01 -3.831636399747040400e-04 2.087747858119082343e-03
-1.038917827510856262e-01 1.491839437968156545e-04 1.930696176423644765e-03
-9.741889671106006288e-02 7.213566312462837971e-04 1.940885384891864523e-03
-9.080076115010846105e-02 -1.194839757746146702e-03 1.909642867695892157e-03
-8.340188183811539369e-02 -2.103231151057816106e-03 1.898959773393154400e-03
-7.713780577245302195e-02 -3.505585242729036821e-04 1.890992146834190616e-03
-7.074662450548924175e-02 1.433522972529965855e-03 1.992942366702226895e-03
-6.464595433349160092e-02 -2.834360563072735317e-03 1.898394319328849467e-03
-5.825478110193719333e-02 -3.146897898117284598e-03 1.916581220986966457e-03
-5.209964473369051163e-02 4.939283051349718789e-03 1.862731402648134301e-03
-4.576293733313926970e-02 5.708945004887500119e-04 1.807845917365440104e-03
-3.948069576359117955e-02 -4.241894478156371662e-04 1.813660872034236413e-03
-3.315307129760572402e-02 -9.431685597508510099e-04 1.890274072165570342e-03
-2.687991229737754853e-02 -5.613001872138534409e-03 1.892941831735353748e-03
-2.060675366239526213e-02 -3.080766682845959004e-03 1.909765526966973213e-03
-1.433359502741296705e-02 -1.277897330570487711e-03 2.105533765942675314e-03
-8.060436392430677180e-03 -6.218780524390621345e-03 2.201953616349086335e-03
-1.850834193180842403e-03 -4.326041024826698944e-03 2.271997517864210274e-03
4.367858610798290055e-03 -2.377437395956971677e-03 2.328236807585348008e-03
1.064101724578058253e-02 -7.840661229901013662e-03 2.223945967097918849e-03
1.691416821059937153e-02 -1.732981131800870322e-03 2.172708645695722775e-03
2.313286101457850616e-02 -6.898791728181752347e-03 2.105183856772745686e-03
2.952403424613291721e-02 -5.542671594389592116e-04 2.225469057133444128e-03
3.574271937994855097e-02 -2.599371758399304788e-03 2.066398749113982324e-03
4.201587801493084084e-02 2.566518858547750526e-04 2.177531664137789379e-03
4.834351051632566898e-02 -8.359309092117461759e-04 2.125295511762983688e-03
5.456219528489542753e-02 2.838231222662024322e-03 2.268563756017371019e-03
6.083535391987771046e-02 7.732172194963027323e-04 2.319657449405097913e-03
6.698140735355859188e-02 4.294459732232303040e-03 2.367696635282036909e-03
7.343613738609133801e-02 -7.924422716802936861e-04 2.641894191481414158e-03
7.982731098289162774e-02 1.548411783311998136e-04 2.877742192216309249e-03
8.598244698589242729e-02 -6.299165561198916130e-03 2.590909290075698885e-03
9.231915438644366922e-02 8.548397748798786111e-03 2.744630421178553478e-03
9.864677921767499302e-02 4.366169105241013426e-04 3.461328725577860876e-03
1.039258638442308313e-01 1.274712170319269866e-03 3.313465140955073381e-03
