5870.10 0.1775229452 0.1402573837
5870.30 -0.2201401189 0.1398786357
5870.50 -0.3166320787 0.1397721998
5870.70 0.1531289322 0.1400731773
5870.90 0.1143532861 0.1400027659
5871.10 -0.1775062689 0.1397458274
5871.30 0.2296792809 0.1400043546
5871.50 -0.1399193315 0.1397484912
5871.70 -0.2316812296 0.1396969006
5871.90 -0.1419329601 0.1398043083
5872.10 0.0763452347 0.1400963531
5872.30 0.0056434035 0.1401090517
5872.50 0.3352606628 0.1404065202
5872.70 -0.0024719450 0.1402375292
5872.90 -0.1210073536 0.1402299388
5873.10 0.0466312936 0.1403780605
5873.30 0.1891072999 0.1405060607
5873.50 -0.4577199346 0.1399681075
5873.70 -0.1986303306 0.1401741490
5873.90 0.1070599081 0.1404436211
5874.10 -0.1786389127 0.1401230810
5874.30 -0.0607718063 0.1401386109
5874.50 -0.1980049554 0.1399131156
5874.70 -0.1634342048 0.1400555030
5874.90 -0.1030953853 0.1401172107
5875.10 0.1100786846 0.1402907353
5875.30 -0.1697150631 0.1401516495
5875.50 -0.0492832243 0.1403298885
5875.70 -0.1823585807 0.1403044929
5875.90 -0.1637896524 0.1403580903
5876.10 0.0518338829 0.1404661585
5876.30 -0.0421809293 0.1403732754
5876.50 0.3044204835 0.1406578998
5876.70 0.0173863654 0.1403696394
5876.90 -0.1798899414 0.1401315109
5877.10 0.0653254272 0.1402144827
5877.30 -0.0133779950 0.1401215150
5877.50 -0.0498079374 0.1400548892
5877.70 -0.0054587484 0.1400661956
5877.90 0.1567432076 0.1402892194
5878.10 0.0611391679 0.1402348318
5878.30 -0.1308069700 0.1401398573
5878.50 -0.1006046768 0.1402582823
5878.70 -0.0699673259 0.1403592956
5878.90 -0.0513901112 0.1404208117
5879.10 0.0199515164 0.1405043404
5879.30 0.0095676831 0.1405415749
5879.50 0.0455603351 0.1406383102
5879.70 -0.0164145307 0.1406457060
5879.90 0.0670279367 0.1408019032
5880.10 0.1856216504 0.1410537670
5880.30 -0.2178141647 0.1407667469
5880.50 -0.0757108693 0.1408304458
5880.70 0.0488829946 0.1408760071
5880.90 -0.1752351615 0.1406415154
5881.10 0.1796583573 0.1408645431
5881.30 -0.0637948922 0.1405962657
5881.50 0.1968183340 0.1405923911
5881.70 0.0027723443 0.1403317685
5881.90 0.1305473076 0.1404106910
5882.10 -0.0057072804 0.1404633245
5882.30 0.0737623901 0.1405332845
5882.50 -0.1056844485 0.1403718445
5882.70 -0.2464057736 0.1408653739
5882.90 -0.1568146234 0.1413179079
5883.10 -0.2976019254 0.1413029174
5883.30 -0.0387812289 0.1416612890
5883.50 0.2054767516 0.1419544863
5883.70 0.2590298600 0.1422549060
5883.90 0.2046464082 0.1423897723
5884.10 0.1556020070 0.1424378460
5884.30 -0.1638142840 0.1423612013
5884.50 -0.1901128916 0.1420964354
5884.70 0.0968559744 0.1422023535
5884.90 -0.0637673728 0.1415535526
5885.10 -0.1064576752 0.1409022757
5885.30 -0.2511390003 0.1406196118
5885.50 0.0020954050 0.1409689249
5885.70 0.0566102407 0.1409846931
5885.90 0.0637864841 0.1411922663
5886.10 -0.0134258998 0.1411394488
5886.30 0.0696280603 0.1412206974
5886.50 0.0972876068 0.1409119043
5886.70 -0.1208873925 0.1407227405
5886.90 0.0432077532 0.1407174318
5887.10 0.1500325663 0.1408774294
5887.30 0.1280864040 0.1408102111
5887.50 -0.2381007560 0.1406730052
5887.70 0.1130479509 0.1408930042
5887.90 0.0432682217 0.1409844296
5888.10 -0.1164543903 0.1410940286
5888.30 0.0639677358 0.1415897222
5888.50 -0.0123729558 0.1431089230
5888.70 0.0550023595 0.1461502875
5888.90 -0.0420860163 0.1498358951
5889.10 -0.2343396276 0.1523990119
5889.30 -0.1633560035 0.1539121499
5889.50 -0.1789653389 0.1557103223
5889.70 -0.4221006696 0.1575383892
5889.90 -0.4636195759 0.1592502915
5890.10 -0.3274259386 0.1596644431
5890.30 0.1247125732 0.1593168555
5890.50 -0.2621731592 0.1582102119
5890.70 0.2333665612 0.1571721505
5890.90 -0.1024366770 0.1535652824
5891.10 -0.0024905437 0.1490844610
5891.30 0.3270934307 0.1451846997
5891.50 -0.0000872339 0.1433379961
5891.70 -0.0608578294 0.1433457969
5891.90 -0.0671906070 0.1435780268
5892.10 0.1334284575 0.1435112452
5892.30 -0.0419077508 0.1430280151
5892.50 -0.1059203989 0.1429704644
5892.70 -0.1930061245 0.1430399907
5892.90 0.1078821691 0.1430666068
5893.10 -0.1222312071 0.1427157321
5893.30 0.1699591307 0.1428920086
5893.50 0.0127384091 0.1426141502
5893.70 -0.2495807914 0.1420990167
5893.90 -0.0060610404 0.1417687503
5894.10 -0.1560745060 0.1407804959
5894.30 0.1742555505 0.1408172549
5894.50 -0.0232438613 0.1417725767
5894.70 -0.1446915520 0.1442810656
5894.90 0.1120128208 0.1476158743
5895.10 -0.3751704638 0.1492523467
5895.30 -0.2242367487 0.1506185818
5895.50 -0.3619044390 0.1518246840
5895.70 -0.5152533587 0.1531500591
5895.90 -0.2675014387 0.1544661646
5896.10 -0.1731104255 0.1549820722
5896.30 -0.2008379607 0.1549563792
5896.50 0.0883696011 0.1548378421
5896.70 0.0094009777 0.1536052172
5896.90 -0.1135848097 0.1509580263
5897.10 -0.2113165418 0.1469369593
5897.30 0.3777133320 0.1442483185
5897.50 0.2058700257 0.1426634785
5897.70 -0.0801042368 0.1419346581
5897.90 -0.2618564718 0.1416214706
5898.10 -0.0526355722 0.1419619791
5898.30 0.1954625997 0.1426533842
5898.50 -0.1539813643 0.1423694075
5898.70 -0.1820216525 0.1419529019
5898.90 -0.1668685466 0.1419277281
5899.10 0.2050013585 0.1422670607
5899.30 -0.0289509925 0.1421950658
5899.50 0.1030793300 0.1421861923
5899.70 0.0177156444 0.1423319547
5899.90 0.4219750342 0.1426405881
5900.10 -0.0350865761 0.1421845091
5900.30 -0.0773870500 0.1421860035
5900.50 -0.1320549296 0.1416413527
5900.70 0.0427420815 0.1411642866
5900.90 -0.0663167167 0.1408744424
5901.10 -0.2086578078 0.1406638226
5901.30 -0.0164271135 0.1408495206
5901.50 -0.3043638291 0.1405799060
5901.70 0.1632226202 0.1410207895
5901.90 -0.0631217246 0.1407821035
5902.10 -0.0847662000 0.1404668466
5902.30 -0.2152328655 0.1404342073
5902.50 0.0622313011 0.1406303385
5902.70 -0.0528640144 0.1403732746
5902.90 0.1381697471 0.1404233569
5903.10 -0.0666056629 0.1403111795
5903.30 -0.1060667568 0.1402965149
5903.50 0.0328686972 0.1404125561
5903.70 0.0358242772 0.1402941548
5903.90 0.3006533284 0.1404596762
5904.10 0.0003267073 0.1401331229
5904.30 0.0595976286 0.1403168652
5904.50 0.0419349177 0.1407764753
5904.70 -0.1092065552 0.1411667981
5904.90 -0.0669910702 0.1413396916
5905.10 -0.1197181358 0.1414072526
5905.30 0.1038172910 0.1417698760
5905.50 -0.0583681789 0.1419373225
5905.70 0.0812710400 0.1423535819
5905.90 0.2187310537 0.1424266543
5906.10 0.1124595672 0.1422981747
5906.30 0.0171362239 0.1422103334
5906.50 -0.2011043889 0.1421144801
5906.70 -0.2120739016 0.1417776640
5906.90 0.3311584246 0.1414308022
5907.10 0.0013496212 0.1407480437
5907.30 -0.2951213826 0.1406820360
5907.50 -0.0713564181 0.1407203213
5907.70 -0.4402896291 0.1403730129
5907.90 -0.0394211798 0.1404129701
5908.10 -0.0423102256 0.1401961713
5908.30 0.1827230051 0.1403451189
5908.50 -0.1195140062 0.1401283031
5908.70 -0.2034517392 0.1401071974
5908.90 -0.1559522512 0.1404459856
5909.10 0.0954331603 0.1408434818
5909.30 0.0249945918 0.1408889951
5909.50 -0.0279680460 0.1407487456
5909.70 -0.0117812310 0.1407802766
5909.90 0.0309281296 0.1409279935
5910.10 0.0088762644 0.1409312462
5910.30 0.1666595516 0.1410396604
5910.50 -0.1390506700 0.1407417724
5910.70 -0.2391987693 0.1405516652
5910.90 -0.1656382691 0.1405376383
5911.10 0.0275557502 0.1404235895
5911.30 -0.2203371699 0.1399311238
5911.50 -0.1468906575 0.1398102632
5911.70 -0.1921786242 0.1397941262
5911.90 -0.2582660204 0.1397807279
5912.10 -0.0229186313 0.1399868808
5912.30 0.1473906142 0.1402120537
5912.50 0.1903139665 0.1403285941
5912.70 -0.0627278284 0.1402508038
5912.90 0.2482018552 0.1413917278
5913.10 0.0704218003 0.1426917321
5913.30 0.0768533649 0.1433676553
5913.50 -0.1015200510 0.1432847267
5913.70 -0.0813130249 0.1437433883
5913.90 0.2950751551 0.1445867407
5914.10 -0.0025112581 0.1448366833
5914.30 0.1545897599 0.1451394946
5914.50 -0.1306253873 0.1447773005
5914.70 -0.0431142830 0.1446138791
5914.90 -0.1197505754 0.1445653913
5915.10 -0.1339520213 0.1444487734
5915.30 -0.2546256921 0.1431280837
5915.50 -0.0533100647 0.1417329987
5915.70 -0.0201704812 0.1414248282
5915.90 -0.3944735877 0.1412228370
