-1.418340504460375018e-01 1.131340796097113355e-03 2.039891468318170541e-03
-1.336817638457117874e-01 1.013091749320405022e-03 2.092804350621850756e-03
-1.275176183225672777e-01 -1.853893844678822234e-04 2.241889800661003591e-03
-1.225790392819069707e-01 1.343945010782277016e-03 2.198883202526376313e-03
-1.173953481135366489e-01 2.100870043694413880e-03 2.226597423975950132e-03
-1.126292579011068939e-01 -2.352303585229309491e-03 2.120186528437313471e-03
-1.077633032556637588e-01 4.818659454377871576e-03 2.328601389650550128e-03
-1.029881301086681966e-01 7.968550259114248746e-04 2.359469980300073644e-03
-9.813125803254497959e-02 -1.300768826349996132e-03 2.221449649171317303e-03
-9.331070162386619071e-02 5.475961128404982503e-04 2.184532800200165558e-03
-8.858091940871737346e-02 1.570437442651506643e-03 2.272017330390946246e-03
-8.371496476327422442e-02 3.286847088120881111e-04 2.299668260844366010e-03
-7.881270175530427635e-02 3.111885889810372952e-03 2.321310512830258334e-03
-7.413739304132212216e-02 2.193355967741172918e-03 2.345513888247357202e-03
-6.918065653218549715e-02 2.302141416126723961e-03 2.376172955328115840e-03
-6.441456631975574221e-02 -3.792891322662583775e-04 2.372805005662771867e-03
-5.945782944537324893e-02 2.801881637864767072e-03 2.385740170817173683e-03
-5.477344619748055615e-02 -8.629834332437580358e-04 2.237719334406937464e-03
-5.005274655165165010e-02 3.445848858567579498e-04 2.372026742327126153e-03
-4.532296433650284673e-02 7.521096339778710060e-04 2.435769323299665206e-03
-4.045701736122320202e-02 1.077619165672505375e-04 2.445785669882148683e-03
-3.550935575124299776e-02 -4.231164542720988742e-03 2.395028443167751629e-03
-3.077958120625768831e-02 -1.875908112586532894e-03 2.398569097789157115e-03
-2.595901712741540204e-02 -8.391749651680213695e-03 2.550024654840222105e-03
-2.119292691498565404e-02 -3.228261330506465576e-03 2.872457007971718473e-03
-1.619080714416579192e-02 -5.057799833712794957e-03 2.737013368846373529e-03
-1.155180679271045931e-02 -4.562347052574855510e-03 2.888017609495585180e-03
-6.649543784740493887e-03 -3.674539520457154040e-03 3.108001757203856467e-03
-1.919769605001063343e-03 -6.234780961812402822e-04 3.321361363202914897e-03
3.036967269381439689e-03 -7.625554351068375425e-04 3.257322667472722921e-03
7.812140416376987979e-03 -4.966453909275081458e-03 3.055274093701055779e-03
1.271440342434695253e-02 -5.030719773518654847e-03 3.008408180859384069e-03
1.748956853593312127e-02 7.482473834309333327e-04 2.574603343171659887e-03
2.235552354662214899e-02 -4.316961811093644741e-03 2.418318122527540227e-03
2.707622282720516249e-02 -3.765071453487811581e-03 2.262407986643393421e-03
3.189678690604744876e-02 -2.997461435205184266e-03 2.186602802924973200e-03
3.671734294948034855e-02 -4.893708903792703957e-03 2.219836923874271128e-03
4.152882409375684147e-02 5.104597686808043377e-04 2.276043447964448685e-03
4.630399724075238976e-02 -7.042932684604430449e-04 2.278753904958776867e-03
5.116994421603203447e-02 2.641944311677635326e-04 2.438163941755592482e-03
5.602681629215525844e-02 4.455234978675282065e-03 2.535408767505658700e-03
6.080198943915081367e-02 -3.703176400449037509e-03 2.526897271047333186e-03
6.556807965158055473e-02 7.394034908088098490e-04 2.639620971752437272e-03
7.038863606025934361e-02 -2.559356478730401285e-03 2.595573476504456443e-03
7.516380920725489190e-02 -3.476739124735117592e-03 2.638491752929769500e-03
8.011146278182570968e-02 -3.891488037210399931e-03 2.706135353305791011e-03
8.488662825865776751e-02 2.330159042022938998e-03 2.685320192628264623e-03
8.970719233750006072e-02 3.582872784919421960e-03 2.727669528210103968e-03
9.451867348177656059e-02 5.049316090737221430e-03 2.823958182089063556e-03
9.933923756061882604e-02 6.529998142312587461e-03 2.859752602937943623e-03
