5870.10 -0.2566925247 0.1564008762
5870.30 -0.0237032203 0.1565411266
5870.50 -0.1077124578 0.1564689868
5870.70 0.0576148266 0.1565460669
5870.90 -0.1678479030 0.1563076004
5871.10 -0.0570538405 0.1563275510
5871.30 -0.0719033572 0.1562648917
5871.50 0.1862315757 0.1564625655
5871.70 -0.0845713681 0.1562580597
5871.90 -0.1687923037 0.1563250979
5872.10 -0.0270443712 0.1566737702
5872.30 -0.2395123008 0.1566623970
5872.50 -0.1595608859 0.1567007619
5872.70 0.1418903940 0.1569986855
5872.90 -0.1505228704 0.1567581368
5873.10 0.1532571364 0.1570330264
5873.30 -0.2441161826 0.1566277078
5873.50 -0.0783728793 0.1567778391
5873.70 0.0749796876 0.1569146427
5873.90 0.0205551632 0.1568843673
5874.10 0.3519592321 0.1571190017
5874.30 0.0926768407 0.1568592708
5874.50 -0.3370737776 0.1564734322
5874.70 0.3031680377 0.1571109940
5874.90 -0.0673064728 0.1567870026
5875.10 0.1992511877 0.1569627237
5875.30 -0.4064363591 0.1564826768
5875.50 -0.1170509566 0.1567842100
5875.70 -0.3367664989 0.1566309826
5875.90 -0.0097349959 0.1568448038
5876.10 0.0862193461 0.1568877028
5876.30 -0.1893216217 0.1566295422
5876.50 -0.2288546101 0.1566094817
5876.70 0.1107987652 0.1569752632
5876.90 -0.3223493655 0.1566151139
5877.10 -0.1810846460 0.1566561570
5877.30 0.2672005746 0.1568992504
5877.50 -0.0689574174 0.1564999497
5877.70 -0.0055164436 0.1565309442
5877.90 0.0785459257 0.1567176312
5878.10 -0.1390870561 0.1566073402
5878.30 0.2326325589 0.1569727877
5878.50 -0.0182739124 0.1568312008
5878.70 -0.1543025513 0.1568660694
5878.90 -0.0374287432 0.1569742151
5879.10 0.2797665229 0.1573605744
5879.30 0.1099395726 0.1572199624
5879.50 -0.2503073129 0.1568822198
5879.70 -0.2432750169 0.1568273179
5879.90 0.1177611627 0.1571658546
5880.10 0.3134920674 0.1575272314
5880.30 -0.1279646553 0.1573187074
5880.50 -0.1960593026 0.1572487054
5880.70 -0.1585813605 0.1571317920
5880.90 0.1798551140 0.1572787042
5881.10 -0.4728605536 0.1566921573
5881.30 0.0460586974 0.1568880472
5881.50 -0.2629682634 0.1564697526
5881.70 -0.1637908182 0.1564194050
5881.90 -0.0022058961 0.1565691018
5882.10 -0.2532969034 0.1566416824
5882.30 -0.1270802140 0.1567266222
5882.50 -0.3187706583 0.1567349684
5882.70 -0.0773961514 0.1577022764
5882.90 0.1753545531 0.1587390497
5883.10 0.0958787431 0.1587097419
5883.30 -0.1504776972 0.1583295444
5883.50 -0.3968643706 0.1578750201
5883.70 0.3377656416 0.1585362680
5883.90 0.1377312569 0.1585754141
5884.10 -0.0827688096 0.1587738143
5884.30 0.1018947920 0.1589679926
5884.50 0.3310104299 0.1591567156
5884.70 -0.1750607245 0.1587093456
5884.90 0.1521462785 0.1582745091
5885.10 0.2258516845 0.1575638177
5885.30 0.1462412266 0.1572031879
5885.50 -0.3651109333 0.1570458455
5885.70 0.1537687772 0.1575305090
5885.90 -0.3710637840 0.1572841232
5886.10 0.1478486020 0.1576480086
5886.30 -0.3202240472 0.1570488442
5886.50 -0.1983994827 0.1568240610
5886.70 0.0786291965 0.1569700141
5886.90 -0.1436029639 0.1568745635
5887.10 0.0567930008 0.1570598555
5887.30 -0.4136732606 0.1566983673
5887.50 0.1548890399 0.1571376521
5887.70 -0.2128476687 0.1568987998
5887.90 -0.0548891502 0.1574494548
5888.10 0.0506457645 0.1577403122
5888.30 -0.1749369585 0.1581695835
5888.50 0.1760966626 0.1605808731
5888.70 -0.0434156722 0.1647797010
5888.90 -0.0814432303 0.1708652500
5889.10 -0.1311050136 0.1749605905
5889.30 -0.1512088812 0.1759024901
5889.50 -0.1341316325 0.1749234208
5889.70 -0.5609989729 0.1742934520
5889.90 -0.6753601750 0.1744108816
5890.10 -0.2711184260 0.1748091991
5890.30 -0.2725034767 0.1744500580
5890.50 -0.1988277892 0.1739974056
5890.70 -0.1521396443 0.1730848039
5890.90 -0.3335130680 0.1699909663
5891.10 -0.1680136170 0.1653428879
5891.30 0.2503372034 0.1616018033
5891.50 -0.0111795612 0.1597079003
5891.70 -0.2684690069 0.1599063889
5891.90 -0.1645538185 0.1606824232
5892.10 -0.1050181843 0.1604527217
5892.30 0.0112507325 0.1599500762
5892.50 0.1187530472 0.1595541237
5892.70 0.0541809317 0.1593374649
5892.90 -0.2191020932 0.1588440604
5893.10 -0.2806466466 0.1588318620
5893.30 0.1813946496 0.1591787305
5893.50 0.0764160316 0.1589960603
5893.70 -0.0141732245 0.1588196893
5893.90 0.3327090726 0.1585318129
5894.10 -0.0435186337 0.1573555095
5894.30 -0.0081996797 0.1572122449
5894.50 0.3436190184 0.1591032201
5894.70 -0.1263529511 0.1625152436
5894.90 0.1671484828 0.1682548103
5895.10 -0.0722384747 0.1712770120
5895.30 0.0198436343 0.1716415610
5895.50 -0.3073822241 0.1703274370
5895.70 -0.1087921227 0.1701193027
5895.90 -0.2132216836 0.1700266185
5896.10 -0.3091537513 0.1701016148
5896.30 -0.1583816077 0.1706606809
5896.50 0.0770764466 0.1708304039
5896.70 0.0548994035 0.1702746738
5896.90 -0.0351269185 0.1677717284
5897.10 0.1113060412 0.1637528061
5897.30 0.2119232023 0.1604140982
5897.50 0.0868737200 0.1588365834
5897.70 -0.3464764988 0.1579398318
5897.90 0.2408339297 0.1580879575
5898.10 -0.2942714142 0.1580538522
5898.30 0.0074327035 0.1590581735
5898.50 -0.1232863451 0.1591035020
5898.70 -0.0650338102 0.1587209916
5898.90 -0.2738111595 0.1583670831
5899.10 -0.1417141587 0.1582767478
5899.30 0.4152431479 0.1586825521
5899.50 -0.0389605418 0.1580974047
5899.70 -0.0298344832 0.1586463386
5899.90 -0.0737267633 0.1584510777
5900.10 -0.1899580819 0.1583153622
5900.30 -0.2157395612 0.1581698268
5900.50 0.1220967399 0.1579164954
5900.70 -0.0012595447 0.1573876662
5900.90 -0.3300795142 0.1567012842
5901.10 0.0328945397 0.1569102057
5901.30 -0.2652972177 0.1565947606
5901.50 -0.2358825182 0.1568499079
5901.70 -0.1465331827 0.1569564551
5901.90 -0.1040098146 0.1567804079
5902.10 0.3461414463 0.1569710900
5902.30 -0.0370430286 0.1566671635
5902.50 -0.0109987548 0.1566185855
5902.70 -0.2374835208 0.1562885445
5902.90 0.2472861147 0.1566467045
5903.10 -0.3049968492 0.1561911404
5903.30 -0.0737799692 0.1564794188
5903.50 0.1080999904 0.1566658918
5903.70 -0.3951808277 0.1562015829
5903.90 0.3406459617 0.1567041291
5904.10 -0.0194403717 0.1563034145
5904.30 0.0727129787 0.1564919637
5904.50 -0.1314070106 0.1571089230
5904.70 0.1706502387 0.1582489878
5904.90 0.1551733193 0.1584457767
5905.10 -0.2303397553 0.1579442362
5905.30 -0.1327167174 0.1578810081
5905.50 0.1327553192 0.1582093865
5905.70 -0.3081550503 0.1581311023
5905.90 -0.0991675343 0.1584381210
5906.10 -0.3323108661 0.1582466520
5906.30 0.0003816438 0.1584595849
5906.50 0.2212007092 0.1587349646
5906.70 -0.3481993120 0.1579427828
5906.90 -0.0357138692 0.1573633081
5907.10 0.0649656992 0.1570840456
5907.30 -0.1416942419 0.1569985015
5907.50 -0.2475923937 0.1568801059
5907.70 -0.0605689621 0.1568597286
5907.90 -0.3549852571 0.1563393784
5908.10 -0.0718561574 0.1564280475
5908.30 -0.4058986343 0.1560099286
5908.50 0.0740591144 0.1565410405
5908.70 -0.1424601289 0.1564942212
5908.90 -0.0914701409 0.1570786262
5909.10 0.1356798158 0.1576032143
5909.30 0.1353129463 0.1575596318
5909.50 0.0730313497 0.1571754137
5909.70 -0.1035758993 0.1569405718
5909.90 -0.1195723384 0.1569213944
5910.10 0.1794759743 0.1572274069
5910.30 -0.2772307857 0.1568769658
5910.50 0.0678655556 0.1570697918
5910.70 -0.1185498161 0.1568216760
5910.90 -0.3099075943 0.1567237574
5911.10 0.0720161056 0.1568525555
5911.30 0.0561747010 0.1565195507
5911.50 -0.1773393806 0.1561987707
5911.70 0.0572818426 0.1563156690
5911.90 -0.3413970679 0.1559418160
5912.10 -0.2730320853 0.1560547543
5912.30 -0.0347980687 0.1563376342
5912.50 0.1139662586 0.1565705319
5912.70 -0.0884216011 0.1566134956
5912.90 0.3900318844 0.1582320262
5913.10 -0.1537461532 0.1600310734
5913.30 -0.0234632168 0.1615003716
5913.50 -0.2726474960 0.1611112770
5913.70 -0.2209403928 0.1608480396
5913.90 0.0060289906 0.1608427394
5914.10 0.3318870836 0.1610978105
5914.30 -0.7668994509 0.1602578114
5914.50 0.0564084657 0.1609377689
5914.70 -0.0610274926 0.1606347875
5914.90 -0.1310641078 0.1608689372
5915.10 -0.1680993550 0.1611898364
5915.30 0.0061635109 0.1603016273
5915.50 0.0790601053 0.1589157050
5915.70 0.1602835921 0.1584323328
5915.90 0.0165400451 0.1580657987
