5870.10 0.0705655234 0.1996333395
5870.30 -0.2451671538 0.1991437716
5870.50 -0.0843385569 0.1992359818
5870.70 0.0735999230 0.1994546904
5870.90 -0.0437718926 0.1994706017
5871.10 0.3798791902 0.2002144096
5871.30 0.1608052682 0.1999745379
5871.50 0.2493375423 0.1999030929
5871.70 -0.1667706204 0.1994206363
5871.90 0.5571085153 0.2001517971
5872.10 0.2814463154 0.2000129786
5872.30 -0.5961763444 0.1993593636
5872.50 0.0929199610 0.2000547349
5872.70 -0.2369799444 0.1996676546
5872.90 0.2274709734 0.2009641182
5873.10 0.0143034937 0.2021134484
5873.30 -0.2062601956 0.2008539571
5873.50 -0.0826438428 0.1999370344
5873.70 0.0103353558 0.2003912081
5873.90 -0.1441902185 0.2001685793
5874.10 0.4176716413 0.2001336747
5874.30 0.3816154213 0.1997607015
5874.50 -0.6175192624 0.1983934356
5874.70 -0.2093485644 0.1987560876
5874.90 -0.0070376523 0.1993137033
5875.10 0.0523940899 0.1994696343
5875.30 -0.3341486881 0.1990314066
5875.50 -0.3982851632 0.1990096286
5875.70 -0.4312107327 0.1991529755
5875.90 0.2786345480 0.2000444974
5876.10 0.4919009516 0.2005646800
5876.30 0.0424621964 0.2001371049
5876.50 0.1901654478 0.1999589002
5876.70 -0.3617719810 0.1989828405
5876.90 -0.2621876696 0.1990330616
5877.10 -0.0970717708 0.1993344324
5877.30 0.3341940692 0.2002734994
5877.50 0.3634719125 0.2008009531
5877.70 -0.0031257400 0.2014920818
5877.90 0.5079695873 0.2018916173
5878.10 -0.2259669485 0.1999902772
5878.30 -0.1831786547 0.1991637687
5878.50 -0.2792533076 0.1989062419
5878.70 -0.2894921806 0.1987946845
5878.90 0.2250286065 0.1995376522
5879.10 0.3271474074 0.1997643645
5879.30 -0.5493083019 0.1993642046
5879.50 -0.1224379451 0.2001034706
5879.70 -0.1877503510 0.1997014906
5879.90 -0.1484579864 0.2001731783
5880.10 0.1196507415 0.2010043814
5880.30 0.0470212557 0.2002432846
5880.50 -0.2142311914 0.1993680474
5880.70 0.0851636482 0.1994011841
5880.90 -0.1173988276 0.1994293976
5881.10 0.1954248872 0.2008905669
5881.30 -0.0977118318 0.2011587360
5881.50 0.2572211738 0.2008924766
5881.70 0.2814615946 0.1999599741
5881.90 -0.4027078354 0.1986181586
5882.10 -0.2508641286 0.1988749194
5882.30 -0.0551608739 0.1992925742
5882.50 0.0155829030 0.1995541672
5882.70 -0.0107657659 0.1999626952
5882.90 0.0573325548 0.1999573803
5883.10 0.1448941213 0.1998672680
5883.30 0.4001669586 0.2002374272
5883.50 0.3660055255 0.2025003618
5883.70 -0.0044142233 0.2108726095
5883.90 0.0920635715 0.2091722165
5884.10 0.1486578014 0.2024919677
5884.30 -0.1831000918 0.1996187902
5884.50 0.0019118038 0.1999722120
5884.70 0.0075299120 0.2000117120
5884.90 0.1108326324 0.2001272368
5885.10 -0.3627202029 0.1994567949
5885.30 -0.0377993435 0.1998630802
5885.50 0.1942150252 0.2002053829
5885.70 -0.1288031055 0.2000151729
5885.90 0.0511805250 0.2002581057
5886.10 0.2454705015 0.2000783641
5886.30 -0.1833672073 0.1993302041
5886.50 0.2313277894 0.1997702763
5886.70 0.4662925533 0.2002714941
5886.90 0.3173872575 0.2001263999
5887.10 -0.3019267951 0.1991683913
5887.30 -0.2245862409 0.1998020023
5887.50 0.1384622361 0.2005617922
5887.70 0.0527416188 0.2014883393
5887.90 0.1841407785 0.2017072823
5888.10 0.3917661658 0.2019505796
5888.30 -0.4573310292 0.2007780880
5888.50 -0.1290717878 0.2013478482
5888.70 0.0698556123 0.2021650211
5888.90 0.1122589755 0.2038647378
5889.10 -0.1023735531 0.2049674968
5889.30 0.0517791739 0.2089307807
5889.50 0.3859132238 0.2205129407
5889.70 0.2180314114 0.2674399450
5889.90 -0.3753416818 0.3369476678
5890.10 -0.2639739453 0.2920109739
5890.30 -0.2631441118 0.2312497769
5890.50 0.1167876579 0.2119769701
5890.70 -0.2092528315 0.2053188794
5890.90 -0.4992606035 0.2027266245
5891.10 0.3485648461 0.2047138078
5891.30 0.0244410680 0.2447597080
5891.50 0.0000000000 0.3133716001
5891.70 0.0000000000 0.2620738381
5891.90 -0.0275408375 0.2104770702
5892.10 0.1542520290 0.2014006659
5892.30 -0.0795788751 0.2006100606
5892.50 -0.2479907811 0.2023554111
5892.70 -0.2318569262 0.2123352034
5892.90 -0.0561155002 0.2128024781
5893.10 -0.2288027996 0.2051777414
5893.30 0.1377865769 0.2017649843
5893.50 -0.0510827480 0.2013190026
5893.70 -0.0975895044 0.2003739055
5893.90 -0.2922068120 0.1996840331
5894.10 0.2741551200 0.2011691945
5894.30 -0.3579657341 0.2004308873
5894.50 -0.3543236978 0.2000195329
5894.70 0.1245668950 0.2011564910
5894.90 -0.4667266793 0.2011909226
5895.10 -0.1046277499 0.2025572323
5895.30 -0.0403275274 0.2048670504
5895.50 -0.1835979631 0.2130600788
5895.70 -0.3673140628 0.2593723253
5895.90 -0.4020187526 0.3103395387
5896.10 0.1375170071 0.2652268000
5896.30 0.2357762947 0.2190263055
5896.50 0.1117672611 0.2066644683
5896.70 -0.3092431239 0.2030439067
5896.90 -0.1818099763 0.2020635798
5897.10 0.3455931444 0.2039102183
5897.30 0.0188070697 0.2461932959
5897.50 0.0000000000 0.2870799590
5897.70 0.0000000000 0.2410268176
5897.90 -0.0589275736 0.2042068411
5898.10 0.2324572820 0.2017745172
5898.30 0.1367597000 0.2018034133
5898.50 -0.1654458711 0.2007996495
5898.70 -0.3095554082 0.1998184520
5898.90 -0.2882734737 0.1997450539
5899.10 0.0891199244 0.2037187709
5899.30 0.4697389519 0.2071743937
5899.50 0.1122763132 0.2058678599
5899.70 -0.4931679239 0.2020784160
5899.90 0.2658643723 0.2023163833
5900.10 0.2568558334 0.2015242377
5900.30 0.6390644295 0.2009603849
5900.50 0.4834725779 0.2004869895
5900.70 0.4286907897 0.2008888891
5900.90 -0.0890515185 0.2000019556
5901.10 -0.1757884131 0.1994372283
5901.30 0.3224709629 0.2003424322
5901.50 0.1189790331 0.2009952151
5901.70 -0.1639451327 0.2022036093
5901.90 -0.0418527814 0.2017001561
5902.10 -0.0766743012 0.2005702471
5902.30 0.3491110736 0.2013436204
5902.50 0.3692375792 0.2014790285
5902.70 0.0187410686 0.2003871300
5902.90 0.1957631722 0.2002789315
5903.10 -0.0342438814 0.2016017719
5903.30 -0.1417449332 0.2021417203
5903.50 0.4722429710 0.2016945884
5903.70 0.1253928081 0.2002569189
5903.90 0.1297901410 0.2006528212
5904.10 0.0252738209 0.2003328161
5904.30 -0.0425513582 0.1997519997
5904.50 -0.4132713296 0.1991587761
5904.70 0.3536348981 0.2002877922
5904.90 0.3135801915 0.2003635237
5905.10 -0.0446145189 0.1998673973
5905.30 -0.1003517019 0.2002388392
5905.50 -0.2195168708 0.2073446137
5905.70 0.2209886320 0.2088974291
5905.90 -0.2099707068 0.2032010809
5906.10 -0.3847687181 0.1989842962
5906.30 -0.2073279290 0.1993592561
5906.50 -0.1537624570 0.1998754123
5906.70 0.5202292271 0.2018743145
5906.90 0.2652724974 0.2016377092
5907.10 0.0145624457 0.2005371615
5907.30 -0.3191494118 0.1992325966
5907.50 -0.2537844446 0.1988785593
5907.70 0.3359505596 0.1998981246
5907.90 -0.3872601097 0.1990929148
5908.10 0.0814621911 0.1992379164
5908.30 -0.4402834273 0.1981654428
5908.50 -0.3545287673 0.1980701053
5908.70 -0.3039474167 0.1983237722
5908.90 -0.1546216300 0.1988782647
5909.10 0.2420229990 0.1997793482
5909.30 0.4752745490 0.1998943133
5909.50 -0.4957921385 0.1988234604
5909.70 -0.1495923710 0.2006686836
5909.90 0.3119850477 0.2041202067
5910.10 0.1062843597 0.2026202220
5910.30 -0.2815886383 0.1992142346
5910.50 -0.0020870606 0.1986832641
5910.70 0.6344758233 0.2003993436
5910.90 -0.1652950953 0.1991564965
5911.10 -0.1387472122 0.1985349006
5911.30 0.1960190254 0.1987408034
5911.50 -0.3589987411 0.1980651766
5911.70 -0.2176794856 0.1981201743
5911.90 -0.0004352682 0.1990190890
5912.10 -1.1821519852 0.1976208558
5912.30 0.1668842324 0.1989709751
5912.50 -0.1366870488 0.1992614473
5912.70 0.1470438366 0.1996362621
5912.90 0.4637816595 0.1994011644
5913.10 -0.3278114039 0.1982290665
5913.30 0.5389097432 0.1992502878
5913.50 -0.1255752180 0.1989417908
5913.70 0.2931145918 0.1997326330
5913.90 0.2993745854 0.2098184900
5914.10 -0.8147455645 0.2237414182
5914.30 -0.3791474327 0.2165134500
5914.50 -0.1337972177 0.2026189131
5914.70 0.5735032310 0.2007667234
5914.90 0.8290740379 0.2006831112
5915.10 0.2503567898 0.1992752055
5915.30 0.2445132755 0.1991167950
5915.50 -0.0542708719 0.1993221702
5915.70 -0.3009279064 0.1988129494
5915.90 -0.3600320742 0.1996251975
