-5.204143923116226478e-02 2.341929047644741857e-03 4.002684043654597575e-03
-4.947355565760183649e-02 -1.195432444584088039e-03 3.504142609394139338e-03
-4.718682572734943931e-02 3.510772688436469835e-04 3.395619724342851652e-03
-4.462429554575109147e-02 3.776744057498726548e-04 4.178637039000134522e-03
-4.234291889973147704e-02 1.122964842776852379e-04 4.601952372560808892e-03
-3.945639199519248436e-02 2.903117289643653010e-03 3.633831734839309321e-03
-3.721786090657931700e-02 -3.040667044927003460e-03 3.261286646739744183e-03
-3.468478348389800875e-02 -5.963539969919606776e-03 3.373827887643028340e-03
-3.231504619108272608e-02 -4.637039196834225052e-03 3.868816161703909993e-03
-2.973109565469033919e-02 7.251427096122475824e-03 3.637397571486298935e-03
-2.721140855272459816e-02 -3.461036292524699576e-04 3.600462304887960818e-03
-2.474795269652109095e-02 5.934666778657948782e-03 3.428574110549616975e-03
-2.224968605707867975e-02 -3.844466794557854783e-03 3.367330209055898003e-03
-1.986923756343806149e-02 -9.853914131409124977e-04 3.575600382701451217e-03
-1.727457561076174014e-02 1.226678685784610146e-02 3.580477010763599092e-03
-1.486735089259116731e-02 -4.566731473651719497e-03 3.748537490129160484e-03
-1.228340024846948444e-02 -1.001382064768518987e-03 4.217519858087977712e-03
-9.769068908510357765e-03 -7.199924932831502922e-03 4.184456950275483762e-03
-7.305613052306850555e-03 -6.812825957214219130e-05 3.657985769536877246e-03
-4.799316378785971858e-03 -1.541864760041811167e-03 3.622966184610772883e-03
-2.258206659710955584e-03 -1.043352689640841824e-03 3.354261875401973875e-03
1.784708173766601344e-04 -1.036110619701324786e-03 3.263449821482039374e-03
2.644603423425856588e-03 1.169959606984738443e-04 3.301841299281419329e-03
5.137514300861647371e-03 2.535509576374828100e-03 3.204155837285096921e-03
7.646489986543453070e-03 -1.713945704244435042e-03 3.181898881620941893e-03
1.008049082151467671e-02 -1.717613674197315810e-03 3.216493819751399096e-03
1.257875746095708444e-02 3.613083396938110425e-03 3.433377810129078014e-03
1.510647685931653696e-02 -4.089848286597308480e-03 3.291773685251555594e-03
1.759402982015976710e-02 -2.614757277403789715e-03 3.137138110393419919e-03
2.010568451800250067e-02 1.437027450022942965e-03 3.206992214164293160e-03
2.250219781988914078e-02 5.183536689849055357e-03 3.135242007671247208e-03
2.503527061021067202e-02 2.453553317268042377e-03 3.111312461327122528e-03
2.702076981896685964e-02 -4.789638147864261342e-03 3.880423601398555120e-03
