5870.00 0.2777332880 0.2040029895
5870.10 0.0758655553 0.2036965251
5870.20 0.3120323751 0.2039162559
5870.30 -0.0400408916 0.2034179802
5870.40 -0.0518380769 0.2034080858
5870.50 -0.2303193461 0.2031055375
5870.60 0.0046205669 0.2033975234
5870.70 0.0340987484 0.2033405357
5870.80 0.0699656514 0.2034569384
5870.90 -0.0959091037 0.2033501848
5871.00 0.0499990506 0.2036125337
5871.10 -0.2048874719 0.2034782331
5871.20 0.1509582900 0.2039591825
5871.30 -0.0720151637 0.2036266098
5871.40 0.0826054009 0.2038167275
5871.50 0.1428187756 0.2039001709
5871.60 0.1856995891 0.2038994147
5871.70 -0.1950880461 0.2033817562
5871.80 -0.1093348629 0.2033662018
5871.90 -0.1407688096 0.2032001475
5872.00 -0.0026959059 0.2033421345
5872.10 -0.2112825948 0.2032747130
5872.20 -0.4282775251 0.2031312362
5872.30 -0.2814644459 0.2034070880
5872.40 0.4603095443 0.2042885121
5872.50 -0.2515581958 0.2033286539
5872.60 -0.2370693692 0.2033627412
5872.70 0.2283534433 0.2040266382
5872.80 0.1435579744 0.2040633199
5872.90 -0.2229136034 0.2045318937
5873.00 -0.2356856229 0.2055817639
5873.10 0.3168614719 0.2062585611
5873.20 -0.0889650606 0.2053659429
5873.30 -0.0071982095 0.2047533278
5873.40 -0.1954190462 0.2038087100
5873.50 -0.1369984857 0.2036941878
5873.60 -0.1264931854 0.2040395275
5873.70 -0.4033201507 0.2037727840
5873.80 -0.1501051814 0.2040800657
5873.90 -0.2101803432 0.2037865103
5874.00 0.2541181294 0.2038042074
5874.10 -0.0601976112 0.2032322202
5874.20 0.2896633751 0.2034423882
5874.30 0.2252019883 0.2033355037
5874.40 -0.2295267313 0.2027014655
5874.50 -0.1594150659 0.2027520153
5874.60 -0.1053752885 0.2027731450
5874.70 -0.6214448945 0.2021622685
5874.80 -0.1789768909 0.2028511620
5874.90 -0.2962756722 0.2029490459
5875.00 -0.1972080595 0.2031707616
5875.10 -0.0159484457 0.2034595135
5875.20 0.0636460944 0.2036412293
5875.30 0.1068274286 0.2036984264
5875.40 -0.0656596590 0.2035043834
5875.50 -0.1990120139 0.2034263371
5875.60 -0.1331053792 0.2036093078
5875.70 0.1786767900 0.2039486067
5875.80 0.2025223660 0.2039040784
5875.90 -0.0050371116 0.2036350406
5876.00 0.4472018534 0.2043172343
5876.10 0.0687541700 0.2040661810
5876.20 0.0686541809 0.2040672021
5876.30 -0.1140761890 0.2039376244
5876.40 0.2839434391 0.2041573554
5876.50 -0.0510198126 0.2034680659
5876.60 -0.2265398238 0.2030749305
5876.70 -0.2406322124 0.2030716068
5876.80 -0.3058551390 0.2030265031
5876.90 0.2212051526 0.2036801699
5877.00 0.0791910840 0.2035427704
5877.10 0.1570451892 0.2037587513
5877.20 0.1468114671 0.2038444049
5877.30 0.3843846245 0.2041448286
5877.40 -0.0204800337 0.2038230541
5877.50 0.4667155782 0.2050536226
5877.60 0.1387667381 0.2054557136
5877.70 -0.2659521273 0.2051978616
5877.80 0.5756805003 0.2061230797
5877.90 0.4159870952 0.2056335825
5878.00 -0.1074566593 0.2043628779
5878.10 -0.2042481878 0.2035299008
5878.20 -0.1313809369 0.2032201561
5878.30 -0.2096355890 0.2029744966
5878.40 -0.1560006122 0.2029651244
5878.50 0.0987838792 0.2033058780
5878.60 -0.3273326287 0.2027318800
5878.70 0.1767839865 0.2034241011
5878.80 0.1017577551 0.2033495380
5878.90 0.2253946222 0.2035719758
5879.00 0.3762545670 0.2037710361
5879.10 0.1709002539 0.2035268978
5879.20 -0.1767207877 0.2035269827
5879.30 -0.5309998512 0.2037099005
5879.40 0.0448952192 0.2044497766
5879.50 -0.2213758014 0.2043086294
5879.60 0.1527349959 0.2041912609
5879.70 -0.1272648242 0.2037248138
5879.80 0.1299255616 0.2044333147
5879.90 0.1087774979 0.2046108669
5880.00 0.1275906361 0.2049918651
5880.10 -0.0789880404 0.2047890448
5880.20 -0.0743084975 0.2043277006
5880.30 -0.1646609947 0.2036373456
5880.40 -0.3172363045 0.2032908670
5880.50 0.1888686627 0.2037848452
5880.60 0.1438400886 0.2036621952
5880.70 0.1731065145 0.2037824379
5880.80 0.2268705017 0.2040116288
5880.90 -0.2867702085 0.2034577905
5881.00 -0.1282012818 0.2043602737
5881.10 -0.0059349747 0.2050395536
5881.20 -0.0704631666 0.2052932414
5881.30 0.0738523128 0.2053680464
5881.40 0.1675706651 0.2050681485
5881.50 -0.2131228689 0.2038895592
5881.60 0.0763130469 0.2037666920
5881.70 -0.0937613545 0.2031672523
5881.80 -0.0754329099 0.2030348153
5881.90 -0.1810601542 0.2029001392
5882.00 -0.3210419595 0.2028657837
5882.10 0.2337963487 0.2036279954
5882.20 0.0371219387 0.2035187610
5882.30 0.2232246291 0.2038436456
5882.40 0.0135850273 0.2035060672
5882.50 0.1481137646 0.2038454870
5882.60 0.0705464179 0.2039348543
5882.70 -0.1151788974 0.2038077265
5882.80 -0.0427740981 0.2038120781
5882.90 0.3246286140 0.2042636206
5883.00 -0.0437154253 0.2036920365
5883.10 0.3159286690 0.2040444537
5883.20 0.5243626756 0.2043383926
5883.30 0.2238320671 0.2041067540
5883.40 0.0589554956 0.2043986545
5883.50 0.5930641020 0.2084796924
5883.60 0.0531381528 0.2142573228
5883.70 0.0835395317 0.2158274486
5883.80 0.2712487119 0.2151019018
5883.90 -0.0807949597 0.2122821078
5884.00 -0.2694695822 0.2080623206
5884.10 0.3281929677 0.2049012765
5884.20 -0.0621349567 0.2040096714
5884.30 -0.0776697114 0.2039348323
5884.40 -0.4228731698 0.2035738913
5884.50 -0.0943515083 0.2039942176
5884.60 0.3648921687 0.2045024353
5884.70 0.0457578726 0.2040371727
5884.80 -0.0146511817 0.2040999802
5884.90 -0.0259680242 0.2039355872
5885.00 -0.3072625695 0.2035678811
5885.10 0.0394039743 0.2040323571
5885.20 -0.0065626398 0.2040902643
5885.30 0.1319953579 0.2039934982
5885.40 0.0257239263 0.2040851885
5885.50 0.0237881871 0.2043314290
5885.60 -0.4379813217 0.2038051403
5885.70 0.3696769306 0.2046537850
5885.80 -0.1238805505 0.2041540269
5885.90 0.2524036424 0.2043227615
5886.00 0.0842894387 0.2040379668
5886.10 0.1805991352 0.2040141127
5886.20 0.0266610138 0.2037584390
5886.30 -0.1759116126 0.2035024682
5886.40 0.1983379074 0.2038377192
5886.50 0.0360531616 0.2037842328
5886.60 0.6606671942 0.2046647235
5886.70 0.2107472852 0.2041527135
5886.80 0.0698609618 0.2040410226
5886.90 0.5727909928 0.2045706417
5887.00 -0.2190498892 0.2035121907
5887.10 -0.1223854407 0.2035905906
5887.20 -0.2333437626 0.2038183379
5887.30 -0.1195714462 0.2041000714
5887.40 -0.0275776539 0.2042310428
5887.50 -0.1999829212 0.2044019847
5887.60 0.0529170167 0.2053961431
5887.70 -0.0497487032 0.2052603645
5887.80 -0.0121642763 0.2053275526
5887.90 0.3293546849 0.2059339175
5888.00 0.3986212311 0.2060170072
5888.10 0.1275571044 0.2054563695
5888.20 -0.2943038365 0.2049889356
5888.30 -0.2379498601 0.2053140857
5888.40 0.1822702313 0.2058634193
5888.50 -0.1175895380 0.2056706897
5888.60 -0.0074148202 0.2062281856
5888.70 0.1325055174 0.2069287433
5888.80 0.2782521999 0.2080710995
5888.90 -0.0318488230 0.2084177772
5889.00 0.0033696307 0.2090675414
5889.10 -0.0276055472 0.2099036823
5889.20 0.3526816932 0.2119824962
5889.30 0.0612369947 0.2145932585
5889.40 0.2158857626 0.2195991782
5889.50 -0.0039493617 0.2287194783
5889.60 -0.0227249675 0.2497964086
5889.70 -0.4877504828 0.2899720033
5889.80 -0.6985453867 0.3366645965
5889.90 -0.6362330918 0.3481950542
5890.00 -0.2611705836 0.3204362290
5890.10 0.0225909051 0.2787820934
5890.20 -0.1099958011 0.2452217078
5890.30 -0.1017417541 0.2267362924
5890.40 0.1459943641 0.2185275473
5890.50 -0.1733491664 0.2136612828
5890.60 -0.2238805568 0.2107017428
5890.70 -0.2734793588 0.2085046582
5890.80 -0.4135734716 0.2070014750
5890.90 -0.1599790939 0.2074987322
5891.00 -0.0264471008 0.2078456222
5891.10 0.4272744438 0.2096157845
5891.20 0.0293686473 0.2279417809
5891.30 0.0000000000 0.2681916107
5891.40 0.0000000000 0.3178436592
5891.50 0.0000000000 0.3156337592
5891.60 0.0000000000 0.2852841279
5891.70 0.0000000000 0.2466790090
5891.80 0.0000000000 0.2196048013
5891.90 -0.0402200723 0.2063812416
5892.00 0.0014885122 0.2050809032
5892.10 -0.0786468382 0.2047820767
5892.20 0.0099301167 0.2047289927
5892.30 -0.3717295651 0.2042782258
5892.40 -0.2149592479 0.2053569062
5892.50 0.1065811711 0.2081769316
5892.60 0.1143221219 0.2150079505
5892.70 -0.3534075266 0.2188375262
5892.80 -0.0477752425 0.2187760708
5892.90 -0.1716222614 0.2157221062
5893.00 -0.4835144192 0.2115553037
5893.10 -0.2350331078 0.2068623851
5893.20 -0.1249045209 0.2051985708
5893.30 0.0937831620 0.2057748852
5893.40 0.0417707529 0.2055114310
5893.50 -0.3422847509 0.2046825695
5893.60 -0.6072531963 0.2040649578
5893.70 0.2688523870 0.2048568518
5893.80 -0.1257273744 0.2041357327
5893.90 -0.3658764211 0.2041152164
5894.00 0.2474639180 0.2052428756
5894.10 -0.1284206901 0.2047962003
5894.20 -0.1693504488 0.2046505121
5894.30 -0.6193101406 0.2040259191
5894.40 -0.1424519062 0.2044117669
5894.50 -0.5107879486 0.2038316296
5894.60 0.0761388723 0.2050427337
5894.70 -0.1000598259 0.2052747907
5894.80 -0.1685775798 0.2056502390
5894.90 -0.2056716749 0.2059651886
5895.00 -0.1911852644 0.2064000737
5895.10 0.1373414363 0.2074339355
5895.20 0.0675461936 0.2082857585
5895.30 -0.0951966562 0.2097545823
5895.40 0.0064396767 0.2132824294
5895.50 -0.3679572671 0.2210562559
5895.60 -0.2905815302 0.2431857595
5895.70 -0.3885911835 0.2832545174
5895.80 -0.8816365200 0.3167706563
5895.90 -0.6427227772 0.3154642779
5896.00 -0.2558046426 0.2883127745
5896.10 -0.0367990478 0.2540854783
5896.20 0.4881643995 0.2296341434
5896.30 0.3444499951 0.2171208270
5896.40 0.2534872406 0.2123349765
5896.50 0.0245256089 0.2095831537
5896.60 -0.1070565221 0.2079720254
5896.70 -0.1072264969 0.2068946852
5896.80 -0.2410744444 0.2061153580
5896.90 -0.1560833965 0.2060343988
5897.00 0.0422948547 0.2065587230
5897.10 0.4523578192 0.2096724012
5897.20 0.0081506169 0.2310016679
5897.30 0.0000000000 0.2677159248
5897.40 0.0000000000 0.2958385724
5897.50 0.0000000000 0.2852117286
5897.60 0.0000000000 0.2619296154
5897.70 0.0000000000 0.2305095537
5897.80 0.0000000000 0.2113201263
5897.90 -0.1243952888 0.2044552192
5898.00 0.3135072478 0.2059768830
5898.10 0.0433183262 0.2059385806
5898.20 0.2689179526 0.2062765052
5898.30 -0.2411992868 0.2054018721
5898.40 0.1890798143 0.2055826370
5898.50 -0.3079561242 0.2044691932
5898.60 0.0739014714 0.2046213565
5898.70 -0.3671072943 0.2038327862
5898.80 -0.2231078248 0.2040479761
5898.90 -0.1785511905 0.2041504607
5899.00 -0.4337561318 0.2060916481
5899.10 0.4374424025 0.2097440703
5899.20 0.2260284787 0.2107737468
5899.30 0.2083861385 0.2117076786
5899.40 -0.0137016929 0.2110882092
5899.50 0.3127802853 0.2093734921
5899.60 -0.1483483442 0.2069177912
5899.70 -0.4686119106 0.2058899015
5899.80 0.1309036586 0.2061408182
5899.90 0.0830960250 0.2055812463
5900.00 -0.1830481471 0.2049684445
5900.10 0.1399904455 0.2050395600
5900.20 0.1489367663 0.2046736486
5900.30 0.6155421208 0.2048438241
5900.40 0.2176508318 0.2043729913
5900.50 0.3872186567 0.2046904612
5900.60 0.5850206898 0.2052574328
5900.70 -0.0696767494 0.2044508904
5900.80 0.0924039781 0.2045067205
5900.90 -0.0507866137 0.2042295396
5901.00 0.1051903308 0.2041455121
5901.10 -0.3240830440 0.2034357013
5901.20 0.3263561528 0.2043498285
5901.30 0.1131190472 0.2044741526
5901.40 -0.1563142544 0.2044567816
5901.50 0.1360272771 0.2053785109
5901.60 -0.3383957198 0.2056278333
5901.70 -0.1833114419 0.2060934392
5901.80 0.0004318197 0.2058717885
5901.90 0.1379502036 0.2054836288
5902.00 0.1268780347 0.2050239951
5902.10 -0.2421062672 0.2040376975
5902.20 0.4075398521 0.2053299872
5902.30 0.3097980605 0.2057908269
5902.40 0.0454329249 0.2054401740
5902.50 0.4851911285 0.2058848612
5902.60 0.3801654654 0.2054737039
5902.70 0.1849399886 0.2046084179
5902.80 0.0217167362 0.2041747087
5902.90 0.3774144016 0.2047275453
5903.00 -0.2464444370 0.2046279415
5903.10 0.0125637601 0.2062476920
5903.20 -0.3069896804 0.2059983895
5903.30 0.0056442295 0.2060422122
5903.40 0.9230875218 0.2067065574
5903.50 0.3518672802 0.2053361516
5903.60 0.0214175644 0.2044163438
5903.70 0.0756148073 0.2047013444
5903.80 0.2011319817 0.2050089368
5903.90 0.2734582418 0.2050574326
5904.00 -0.0120485041 0.2046348562
5904.10 -0.2671400450 0.2040395736
5904.20 -0.2275139331 0.2038547010
5904.30 0.2534672714 0.2041271732
5904.40 -0.0071405630 0.2038106557
5904.50 -0.2713664271 0.2034042854
5904.60 0.0907052460 0.2040607608
5904.70 -0.1020869352 0.2041482732
5904.80 0.3568878348 0.2047644572
5904.90 0.5649209171 0.2049781317
5905.00 -0.1804736257 0.2039797336
5905.10 -0.0120953634 0.2041243360
5905.20 -0.5139812490 0.2035426849
5905.30 -0.5266678560 0.2044337683
5905.40 -0.3633351669 0.2096822577
5905.50 -0.3462485545 0.2133795343
5905.60 0.0915637953 0.2141133563
5905.70 0.2534585489 0.2127894091
5905.80 -0.2267261454 0.2096643477
5905.90 -0.1959539718 0.2055438738
5906.00 -0.3924516179 0.2034143844
5906.10 -0.0961078390 0.2034386469
5906.20 -0.7138371655 0.2029549866
5906.30 0.0252798823 0.2040312792
5906.40 -0.0501461310 0.2040368581
5906.50 -0.3952443180 0.2038656005
5906.60 0.3754165826 0.2057653467
5906.70 0.5123177785 0.2063158999
5906.80 -0.1199814053 0.2054673435
5906.90 0.3086243813 0.2059773833
5907.00 0.0573885410 0.2052576955
5907.10 0.1812053516 0.2045545383
5907.20 -0.1533854875 0.2037813886
5907.30 -0.4533215702 0.2032362182
5907.40 0.1399017632 0.2036710714
5907.50 0.0093064390 0.2034689009
5907.60 0.3048237497 0.2042205442
5907.70 0.5534955209 0.2047300548
5907.80 -0.2600771957 0.2036977081
5907.90 -0.2982914327 0.2036349262
5908.00 0.2318854296 0.2040063762
5908.10 -0.0480237629 0.2033414259
5908.20 -0.2769167308 0.2028886151
5908.30 -0.3947532076 0.2026621515
5908.40 -0.4224468651 0.2025446120
5908.50 0.1276154576 0.2032389332
5908.60 -0.3992402355 0.2026974169
5908.70 -0.2138201968 0.2030783271
5908.80 -0.2211576468 0.2032017633
5908.90 0.0611689148 0.2037152679
5909.00 0.3079383424 0.2042294941
5909.10 0.0611861947 0.2039028050
5909.20 -0.0742019067 0.2036784089
5909.30 0.2877025030 0.2039366818
5909.40 -0.8672111202 0.2026791656
5909.50 0.0655852197 0.2037548990
5909.60 -0.2319190167 0.2039139146
5909.70 0.3961427333 0.2066865222
5909.80 0.2793373471 0.2084757801
5909.90 -0.1879048100 0.2080998576
5910.00 -0.2913529181 0.2073462470
5910.10 0.4873264044 0.2071519365
5910.20 -0.3148564923 0.2043016736
5910.30 0.0353425510 0.2035484665
5910.40 0.2464829207 0.2035169956
5910.50 -0.0073952401 0.2033670303
5910.60 0.0379733082 0.2038978942
5910.70 0.4805197036 0.2044927645
5910.80 -0.1150215588 0.2036247500
5910.90 0.1278660379 0.2037181903
5911.00 -0.2785339945 0.2029768689
5911.10 -0.1379385513 0.2027889485
5911.20 -0.2853554336 0.2026432690
5911.30 0.1012170815 0.2030497772
5911.40 -0.0129738688 0.2028914743
5911.50 -0.2537580823 0.2025303650
5911.60 -0.1644400192 0.2026300637
5911.70 0.0905250240 0.2030395552
5911.80 -0.2911258736 0.2031014673
5911.90 0.3946609198 0.2041306921
5912.00 -0.3918359657 0.2032308356
5912.10 -0.5071891034 0.2030199975
5912.20 0.1818541943 0.2037060135
5912.30 0.0560167303 0.2035974204
5912.40 -0.3343627792 0.2034340257
5912.50 0.1823253152 0.2040209588
5912.60 0.3982038039 0.2042158995
5912.70 0.0974643341 0.2035437682
5912.80 0.2992683152 0.2034953613
5912.90 0.1471064674 0.2030027081
5913.00 -0.6232409679 0.2021850089
5913.10 0.4380327660 0.2034285989
5913.20 0.1599434749 0.2031173094
5913.30 0.0327944717 0.2030006558
5913.40 -0.0361021269 0.2029896182
5913.50 -0.0849372673 0.2031344980
5913.60 -0.0231528815 0.2032940424
5913.70 0.3433070015 0.2042905735
5913.80 0.4344366832 0.2086387621
5913.90 0.3959294927 0.2201148382
5914.00 -0.6160639736 0.2284658421
5914.10 -0.3214550806 0.2296509333
5914.20 0.0785158003 0.2261254913
5914.30 -0.3013400688 0.2181156176
5914.40 0.1910027693 0.2095150163
5914.50 -0.1288140653 0.2045013532
5914.60 0.2062398234 0.2042712905
5914.70 -0.0019560998 0.2039837582
5914.80 0.6788184069 0.2044858712
5914.90 0.1579781175 0.2037040168
5915.00 0.0660219746 0.2034400646
5915.10 -0.1150486344 0.2028522135
5915.20 -0.2085389852 0.2027348623
5915.30 0.1289268850 0.2035342973
5915.40 0.0855758720 0.2037442489
5915.50 -0.4689299077 0.2032508024
5915.60 -0.3244649947 0.2034376667
5915.70 -0.0637739151 0.2036896642
5915.80 -0.1428558963 0.2036422705
5915.90 -0.1010293912 0.2049589371
