-2.138914647849331913e-02 -7.256283911968086642e-03 6.310118248172257895e-03
-1.886414767580348734e-02 3.479704845316566875e-03 6.015782258044364422e-03
-1.617045772133008513e-02 2.202945443244175294e-03 5.762987778787877734e-03
-1.352764325061230413e-02 -3.850021926040891884e-03 5.669888671644291063e-03
-1.088214976773359093e-02 -1.416699899658802053e-02 5.758100466083130795e-03
-8.228623880731873730e-03 -6.368970023173825545e-03 6.247422568216717473e-03
-5.609906514653815665e-03 -8.487505107154347250e-03 6.094978302831218463e-03
-3.090263366241301820e-03 -8.359527618145623507e-03 5.707273466237203045e-03
-6.188167971527746766e-04 8.396476998731028374e-03 5.748361327880591176e-03
1.855308784096680770e-03 -1.517204252889858829e-02 5.579591648895864189e-03
4.374951824779896477e-03 -1.875559278988370160e-02 5.371267245000032296e-03
6.717873679601075142e-03 -1.333398223689796769e-02 6.239440102617416911e-03
9.532056051948113035e-03 -1.121417912077848911e-02 5.675368641422855881e-03
1.222574611415080947e-02 -8.530024192403784511e-03 6.052998769603168926e-03
1.489533670166924562e-02 -5.758056906896125149e-03 5.721318954982959441e-03
1.751405406774730542e-02 5.834420791670402728e-03 5.993483859129638928e-03
2.015686853846508642e-02 -3.343149201512685131e-03 5.563329790844309848e-03
2.285055849293848515e-02 8.775013788099528256e-03 5.868005888264808852e-03
2.573435779940354620e-02 -8.865856942153027553e-03 5.818613812578847348e-03
