-2.089163987230866631e-02 -4.168785050820300597e-03 5.215538637573698295e-03
-1.823806733852129103e-02 -1.127575517090639856e-03 4.567676492868686516e-03
-1.571837334188053506e-02 -6.327541524644320070e-03 4.399727447269918996e-03
-1.327097529151872665e-02 -4.071851988631469688e-03 4.615308078909595262e-03
-1.067898308628378000e-02 3.844550652122302736e-04 4.854398151589733174e-03
-8.183386194282748702e-03 4.379006854471345633e-03 4.757742019875626886e-03
-5.735988143920942028e-03 -1.101293503028699661e-02 4.599872132184820890e-03
-3.213615135119257758e-03 -2.505615477017997250e-03 4.396441613370584423e-03
-7.180206131627621955e-04 -7.677212071760974865e-03 4.213369986738412995e-03
1.753476911883305967e-03 1.507655352650516534e-03 4.405984748989506643e-03
4.246394791723409612e-03 2.203860431720938706e-03 4.169233858407869579e-03
6.763412038518479101e-03 3.055821961750027072e-03 4.231050585259800781e-03
9.283106035159235936e-03 -4.396967188505684909e-03 4.135894545802471997e-03
1.170372570640514955e-02 -9.462494851483205238e-04 3.948168590458711602e-03
1.422342207309044287e-02 -5.634872095727772034e-04 3.843069089142621408e-03
1.669491722809197595e-02 3.614889609221960676e-03 3.789410257762328409e-03
1.921461122473273192e-02 -2.907845569879885517e-03 3.707361905351177003e-03
2.173698412580512065e-02 1.126626047329826186e-03 3.839997964301701799e-03
2.418438228389622330e-02 4.692315439260630328e-03 3.615114731058775583e-03
2.680047159377089289e-02 9.975352091020628365e-04 3.532954602622048225e-03
2.915147196085424858e-02 -7.423451677127546056e-03 3.265012116342248631e-03
3.167116595749500801e-02 -3.950665364559013959e-03 3.341882094214409724e-03
