5870.10 1.0745096963 0.3541853732
5870.30 1.0686129179 0.3535312011
5870.50 -0.3983983643 0.3496539018
5870.70 -0.6832483827 0.3482385850
5870.90 0.0806951370 0.3498322158
5871.10 -1.4030356848 0.3467638961
5871.30 -1.1339836231 0.3476822826
5871.50 -0.5616790687 0.3495890815
5871.70 0.0039027246 0.3505276802
5871.90 -0.6533340475 0.3484427011
5872.10 -0.9877308379 0.3474299752
5872.30 -0.1518102414 0.3490289188
5872.50 -0.2207868787 0.3496321053
5872.70 0.3875617701 0.3512702376
5872.90 -0.0395805559 0.3509314896
5873.10 -0.0067385368 0.3537688611
5873.30 1.3708291185 0.3565889247
5873.50 -0.1166596127 0.3504841717
5873.70 -0.7143223355 0.3490910654
5873.90 0.1382262755 0.3515706793
5874.10 -0.2385260147 0.3497479585
5874.30 0.2301140459 0.3499197853
5874.50 0.0250623062 0.3490998893
5874.70 -0.1945701922 0.3482972010
5874.90 -0.3395822793 0.3490508711
5875.10 -0.1539007024 0.3506198164
5875.30 1.1837396689 0.3538481429
5875.50 0.1858017621 0.3514132346
5875.70 0.2166224738 0.3511728667
5875.90 0.0397576381 0.3502992707
5876.10 -0.5112756081 0.3497011196
5876.30 0.2137097260 0.3521477912
5876.50 0.3700804173 0.3515721196
5876.70 -0.1705728791 0.3495962382
5876.90 -0.1031140009 0.3502662816
5877.10 0.5211109296 0.3516957836
5877.30 0.2737190909 0.3508781237
5877.50 0.2694554851 0.3517770106
5877.70 -0.0888172162 0.3537405423
5877.90 0.4175802464 0.3548473539
5878.10 -0.1943757380 0.3511004420
5878.30 0.1334991464 0.3506638839
5878.50 0.8013925956 0.3521848590
5878.70 0.6487359109 0.3521520065
5878.90 0.6444033311 0.3520934194
5879.10 0.5066781791 0.3516622584
5879.30 0.0508099558 0.3520252670
5879.50 0.0278253607 0.3523468740
5879.70 0.3153352304 0.3520426011
5879.90 0.7408247099 0.3535996893
5880.10 0.0658863096 0.3533915913
5880.30 -0.5982226661 0.3502366341
5880.50 0.1382933054 0.3506691394
5880.70 0.4578090051 0.3520565647
5880.90 0.0336325551 0.3513378043
5881.10 -1.0440558042 0.3503352132
5881.30 0.1067608046 0.3542600855
5881.50 -0.0017174409 0.3526230723
5881.70 -0.4744120099 0.3494948185
5881.90 -0.3347047085 0.3486120338
5882.10 -0.4237796970 0.3486355031
5882.30 -0.0302023564 0.3507336075
5882.50 0.2349585188 0.3518715402
5882.70 -0.3162032892 0.3513109115
5882.90 0.5553378650 0.3529879111
5883.10 0.0726872114 0.3515056337
5883.30 0.5962707747 0.3529038057
5883.50 0.7774181837 0.3574246795
5883.70 0.0698590598 0.3699219933
5883.90 -0.3408034472 0.3693723521
5884.10 0.1964452581 0.3576343645
5884.30 0.4736459497 0.3538304807
5884.50 -0.0313087033 0.3528056170
5884.70 1.0821401759 0.3547823762
5884.90 0.2905684680 0.3524147730
5885.10 -0.4237562921 0.3502980678
5885.30 -0.1315624387 0.3507758792
5885.50 -0.3968938334 0.3513938925
5885.70 -0.2299600130 0.3516182917
5885.90 -0.0838321448 0.3512789092
5886.10 -0.1012742249 0.3507121897
5886.30 0.1930098669 0.3516452048
5886.50 -0.3253753041 0.3507326480
5886.70 0.8900601863 0.3535070953
5886.90 0.4290466065 0.3528227581
5887.10 -0.0294681217 0.3517798681
5887.30 0.2825989378 0.3531632985
5887.50 0.1343374435 0.3538946314
5887.70 -0.4199766659 0.3534192452
5887.90 0.2641679651 0.3552061145
5888.10 -0.1860090727 0.3531967756
5888.30 -0.5557834181 0.3531651116
5888.50 -0.2413537140 0.3544077716
5888.70 0.1209857681 0.3569945770
5888.90 0.0741006620 0.3594901779
5889.10 0.3967290559 0.3626831274
5889.30 0.5594331542 0.3683186201
5889.50 -0.6063208984 0.3834223166
5889.70 -1.1280624493 0.4517658210
5889.90 -1.9352143743 0.5724519752
5890.10 -0.7335148875 0.5255804205
5890.30 -0.2871031683 0.4098247774
5890.50 0.4298307979 0.3743007243
5890.70 -0.1223711509 0.3626898640
5890.90 0.7232769021 0.3607653496
5891.10 0.8859258143 0.3630399645
5891.30 -0.0565856796 0.4205543399
5891.50 0.0000000000 0.5234232397
5891.70 0.0000000000 0.4572004289
5891.90 0.1365716433 0.3674073725
5892.10 -0.7912767152 0.3508578008
5892.30 -0.5635061262 0.3506963857
5892.50 -0.1005928444 0.3551988522
5892.70 -0.0444810141 0.3717458494
5892.90 -0.5949672713 0.3734616561
5893.10 -0.9953592448 0.3599157739
5893.30 -0.6809094652 0.3529939191
5893.50 -0.1920620468 0.3536850172
5893.70 0.2202895021 0.3532706360
5893.90 -0.1406530505 0.3524936853
5894.10 -1.0952257778 0.3506249321
5894.30 -1.2932697829 0.3488183207
5894.50 -0.5436566210 0.3503623503
5894.70 -0.0895549638 0.3537707827
5894.90 0.7110724317 0.3577124520
5895.10 -0.1625370835 0.3572017561
5895.30 -0.0092822095 0.3601854201
5895.50 -0.2919450459 0.3726502470
5895.70 -1.0104206398 0.4422510501
5895.90 -2.4667140948 0.5349824982
5896.10 -0.3038354675 0.4787453719
5896.30 0.2507208944 0.3857951942
5896.50 0.6064912843 0.3646164567
5896.70 -0.0667319568 0.3576710338
5896.90 -0.4661931927 0.3541112006
5897.10 0.2209660556 0.3578649065
5897.30 -0.0040163609 0.4175522438
5897.50 0.0000000000 0.4851186416
5897.70 0.0000000000 0.4325630888
5897.90 0.0291855412 0.3600414459
5898.10 0.0247033371 0.3560829822
5898.30 0.7019245917 0.3570217347
5898.50 0.0181485664 0.3540522518
5898.70 0.8429479392 0.3549805487
5898.90 0.9353408003 0.3553390202
5899.10 0.7829884354 0.3605271260
5899.30 0.2931182243 0.3648677796
5899.50 0.4074412602 0.3636020829
5899.70 0.0011121388 0.3568577464
5899.90 0.3996262335 0.3550418949
5900.10 0.4558746947 0.3541970054
5900.30 0.2074587569 0.3527650150
5900.50 1.0140390172 0.3550072843
5900.70 0.7065429748 0.3551677085
5900.90 0.0812931558 0.3533304246
5901.10 0.0708845397 0.3521807730
5901.30 -0.4794073648 0.3515525233
5901.50 0.2442131529 0.3551462932
5901.70 -0.6651435964 0.3553205034
5901.90 0.4826340358 0.3555215131
5902.10 -0.0117849541 0.3517617499
5902.30 0.7603777511 0.3553139864
5902.50 0.8155153661 0.3566074438
5902.70 0.3353387293 0.3544668839
5902.90 0.1078626255 0.3521033516
5903.10 -0.5779265507 0.3537209245
5903.30 -0.1648208933 0.3553211812
5903.50 0.8017680345 0.3552307547
5903.70 0.3916170535 0.3543173633
5903.90 0.5742772597 0.3552047234
5904.10 0.5228285146 0.3546064591
5904.30 0.3091920516 0.3529839937
5904.50 -0.0038257254 0.3512229930
5904.70 -0.6536985540 0.3500762458
5904.90 0.2267499380 0.3524030217
5905.10 -0.0870730982 0.3517096619
5905.30 -0.3546868667 0.3521487414
5905.50 0.0827554346 0.3647999656
5905.70 0.4423193680 0.3693524216
5905.90 -1.1557951927 0.3561493693
5906.10 0.0846563067 0.3507188472
5906.30 -0.7471443825 0.3499873953
5906.50 -0.3985290892 0.3510182250
5906.70 0.0736789717 0.3538828070
5906.90 -0.1161688500 0.3541239123
5907.10 -0.6824048485 0.3512602119
5907.30 -0.7596776392 0.3483540124
5907.50 -0.1487659329 0.3494279779
5907.70 -0.0787410359 0.3513576135
5907.90 0.5957237412 0.3537576587
5908.10 0.1604250443 0.3520563487
5908.30 -0.4941863405 0.3495564015
5908.50 0.4578229334 0.3516187352
5908.70 0.5950323611 0.3526545714
5908.90 0.4388712014 0.3523000965
5909.10 -0.1091998959 0.3515691645
5909.30 -0.3092840531 0.3512224056
5909.50 -0.1958187603 0.3512709666
5909.70 0.5859055372 0.3554492792
5909.90 -0.8533401404 0.3567033724
5910.10 -0.5047175322 0.3558607967
5910.30 -0.9899511114 0.3487857825
5910.50 -0.9980165930 0.3483113175
5910.70 -0.1276423550 0.3511005130
5910.90 0.2466570522 0.3519471158
5911.10 0.0288370070 0.3501220018
5911.30 -0.4278391076 0.3490668431
5911.50 0.6908516424 0.3521199160
5911.70 0.6767641740 0.3527392442
5911.90 0.1602120855 0.3524933322
5912.10 0.3847722550 0.3531681646
5912.30 0.2661389394 0.3531644304
5912.50 -0.0399622346 0.3525891856
5912.70 -0.5704258110 0.3494698685
5912.90 -1.2757106257 0.3459559255
5913.10 0.1135580668 0.3493967412
5913.30 -0.2824567872 0.3492065080
5913.50 -0.0290637444 0.3493941793
5913.70 0.0962629725 0.3507745069
5913.90 0.5791357008 0.3685505435
5914.10 -0.3030032493 0.3939957250
5914.30 -0.1714851621 0.3866400979
5914.50 0.7713185736 0.3602121142
5914.70 -0.2306273310 0.3511510689
5914.90 0.2501002642 0.3508946403
5915.10 0.4802291954 0.3508936214
5915.30 -0.3292777823 0.3497304025
5915.50 -0.2929862703 0.3504628657
5915.70 0.2560722045 0.3526940782
5915.90 0.7522916218 0.3553267376
