5870.10 -0.0991103005 0.2576711776
5870.30 0.3056813031 0.2582526234
5870.50 -0.0821859671 0.2578874971
5870.70 0.3416070958 0.2584614255
5870.90 0.0084325418 0.2579149504
5871.10 -0.0802231608 0.2581457167
5871.30 0.5021508504 0.2592864620
5871.50 0.2720917473 0.2589371062
5871.70 0.2874167183 0.2587223960
5871.90 -0.9412379362 0.2565306870
5872.10 -0.2465525387 0.2573353733
5872.30 -0.0269359949 0.2579569276
5872.50 0.3184638002 0.2583856862
5872.70 0.1860618611 0.2580949775
5872.90 -0.4604482271 0.2579087805
5873.10 0.1292261544 0.2608877634
5873.30 -0.5182129434 0.2590018311
5873.50 -0.3095340741 0.2580748805
5873.70 -0.4610813610 0.2582740857
5873.90 -0.3922200423 0.2578739219
5874.10 -0.2317918422 0.2569938825
5874.30 0.0911428735 0.2572037588
5874.50 0.4186387664 0.2577812726
5874.70 -0.6923034890 0.2562621938
5874.90 -0.5420152566 0.2565272350
5875.10 -0.3268156741 0.2572469553
5875.30 0.2286221741 0.2583750416
5875.50 0.1862399706 0.2585713928
5875.70 0.7157918989 0.2596272403
5875.90 -0.1540627900 0.2579719789
5876.10 0.3018042229 0.2588094651
5876.30 -0.2463608572 0.2579817001
5876.50 -0.1226983488 0.2578389510
5876.70 -0.0375847835 0.2577119416
5876.90 0.3671273898 0.2584660216
5877.10 0.2770290531 0.2584697708
5877.30 0.1596037417 0.2581605884
5877.50 -0.0119992377 0.2584945817
5877.70 -0.1369463127 0.2598167758
5877.90 0.5315310156 0.2607552835
5878.10 0.0033688924 0.2585055426
5878.30 -0.2941313842 0.2569986709
5878.50 -0.0437455746 0.2570983922
5878.70 -0.0815388585 0.2571399152
5878.90 -0.1866372995 0.2570914708
5879.10 0.0745124639 0.2575459572
5879.30 -0.2324955895 0.2581353423
5879.50 -0.0726269532 0.2595383615
5879.70 0.1991368668 0.2587865410
5879.90 0.2483475351 0.2594455533
5880.10 -0.1396644718 0.2592371951
5880.30 -0.1174710038 0.2584458876
5880.50 0.0943923893 0.2583468504
5880.70 0.1362581537 0.2584734069
5880.90 0.0928400847 0.2587420949
5881.10 0.0400870893 0.2599196091
5881.30 0.1279611875 0.2603451794
5881.50 -0.4832751694 0.2581118683
5881.70 -0.2250392157 0.2572461029
5881.90 0.4626582358 0.2584669539
5882.10 0.5300276859 0.2590482120
5882.30 0.5483368547 0.2590754094
5882.50 0.1273681394 0.2580336243
5882.70 0.1257067859 0.2581507430
5882.90 0.0698702832 0.2581827805
5883.10 0.1660352585 0.2582683954
5883.30 0.2243617637 0.2583611332
5883.50 0.0311505113 0.2607443571
5883.70 0.2035926103 0.2726722445
5883.90 0.3556937499 0.2710917625
5884.10 -0.2365082972 0.2608589122
5884.30 -0.1562560189 0.2583196545
5884.50 -0.7959918273 0.2571991130
5884.70 0.0794075950 0.2583008804
5884.90 -0.3897073453 0.2579656209
5885.10 0.4198949856 0.2593638148
5885.30 0.3543184851 0.2592875015
5885.50 -0.0107681806 0.2589817662
5885.70 0.2448120062 0.2593844484
5885.90 0.1802029924 0.2590291018
5886.10 0.0872884211 0.2587821262
5886.30 -0.0213332174 0.2584148062
5886.50 0.1814186074 0.2585593159
5886.70 0.1544496373 0.2588081295
5886.90 0.2799819978 0.2589681902
5887.10 -0.0132825317 0.2583898758
5887.30 -0.3252035790 0.2581383943
5887.50 -0.6466671016 0.2576700961
5887.70 0.1488404347 0.2599406654
5887.90 0.0711977421 0.2600029301
5888.10 0.3038524421 0.2607070031
5888.30 0.2324747159 0.2608845934
5888.50 0.4677763215 0.2616564636
5888.70 0.0366384509 0.2621717807
5888.90 0.1805410009 0.2642755892
5889.10 -0.0684869788 0.2656804627
5889.30 0.2845809395 0.2703573813
5889.50 0.0481915276 0.2837901497
5889.70 -0.5265716331 0.3445683934
5889.90 -0.3741088386 0.4391493811
5890.10 0.5079843518 0.3829371470
5890.30 0.2750059239 0.2987718365
5890.50 -0.4534816369 0.2728778284
5890.70 -0.3712354635 0.2654043175
5890.90 -0.4533356198 0.2622031987
5891.10 -0.3901555548 0.2630626593
5891.30 0.0374094104 0.3172886674
5891.50 0.0000000000 0.4051344352
5891.70 0.0000000000 0.3376529631
5891.90 -0.0868371261 0.2667083869
5892.10 0.0757691982 0.2595806688
5892.30 -0.1281139007 0.2595835051
5892.50 0.3139520618 0.2632639943
5892.70 0.0450363007 0.2764866461
5892.90 0.0766372966 0.2760873131
5893.10 -0.2170214435 0.2652562180
5893.30 0.1025695447 0.2601735973
5893.50 -0.2758138818 0.2592829440
5893.70 -0.4872156707 0.2588884601
5893.90 -0.2087428687 0.2593327251
5894.10 0.3479894188 0.2605081340
5894.30 0.0538774157 0.2600584397
5894.50 -0.1426868654 0.2594452490
5894.70 -0.1894913862 0.2598338099
5894.90 -0.1706710714 0.2608822969
5895.10 0.1948390737 0.2626192603
5895.30 0.0404162455 0.2649956613
5895.50 -0.0969142281 0.2756663342
5895.70 0.1242407518 0.3386953662
5895.90 -0.3578417053 0.4039679842
5896.10 -0.5171267178 0.3429455290
5896.30 0.8295823052 0.2830464817
5896.50 -0.0564338989 0.2672547658
5896.70 0.2250254342 0.2634814382
5896.90 -0.0713310751 0.2614702925
5897.10 0.1104928242 0.2643323203
5897.30 -0.0160896499 0.3203113998
5897.50 0.0000000000 0.3704020808
5897.70 0.0000000000 0.3116754190
5897.90 -0.1059996249 0.2620376129
5898.10 0.1870710058 0.2608551111
5898.30 -0.5361686056 0.2599486626
5898.50 0.0993957845 0.2599848220
5898.70 -0.3859025565 0.2584786395
5898.90 -0.6342863856 0.2579914183
5899.10 -0.5404189134 0.2629027727
5899.30 -0.2227900554 0.2672008668
5899.50 0.1006190719 0.2664337459
5899.70 -0.1429495722 0.2617179081
5899.90 -0.2983028393 0.2597048407
5900.10 -0.7202982808 0.2582647763
5900.30 0.0661901389 0.2590407062
5900.50 -0.3590588731 0.2582617571
5900.70 -0.2357861284 0.2586596963
5900.90 0.1929243146 0.2593070941
5901.10 -0.0723374810 0.2586487813
5901.30 0.4492749856 0.2594594528
5901.50 -0.3416743526 0.2586843271
5901.70 -0.1723268736 0.2598712544
5901.90 0.0688231804 0.2601393771
5902.10 -0.0231767276 0.2593722676
5902.30 0.1868460506 0.2604922282
5902.50 -0.1822658263 0.2600872468
5902.70 0.7337514490 0.2607949053
5902.90 0.2842238725 0.2595433499
5903.10 0.0218880931 0.2600625170
5903.30 -0.1281266057 0.2606347323
5903.50 0.8487543968 0.2616343204
5903.70 -0.2277617543 0.2591702948
5903.90 0.2508508068 0.2598558486
5904.10 -0.7500945436 0.2579626805
5904.30 -0.0253359267 0.2584635898
5904.50 0.2739095232 0.2588783008
5904.70 -0.2351947901 0.2589087248
5904.90 0.8667607218 0.2609636068
5905.10 -0.1658901480 0.2589594945
5905.30 -1.2876711673 0.2577177639
5905.50 -0.8051231187 0.2680571387
5905.70 -0.0422786381 0.2706873082
5905.90 0.3306231511 0.2645126322
5906.10 -0.1704131139 0.2587073948
5906.30 -0.3228576754 0.2584887308
5906.50 -0.2148266486 0.2588119388
5906.70 0.5387142674 0.2618540763
5906.90 -0.0567508013 0.2609672183
5907.10 0.7825773241 0.2612205265
5907.30 -0.0018017461 0.2594788088
5907.50 0.7917478473 0.2600897687
5907.70 0.8994709215 0.2607911254
5907.90 -0.5394383100 0.2582657549
5908.10 0.1003266305 0.2586543191
5908.30 -0.0417835366 0.2583206403
5908.50 -0.0966707004 0.2581820345
5908.70 -0.7767554155 0.2571823765
5908.90 -0.1966489059 0.2584882162
5909.10 0.2664436658 0.2592606665
5909.30 -0.2648881566 0.2580971249
5909.50 -0.3198446576 0.2580089614
5909.70 0.2230882888 0.2608462677
5909.90 0.1298859905 0.2650631156
5910.10 0.4330728577 0.2643933447
5910.30 0.6010548331 0.2610726609
5910.50 0.9722189325 0.2604341514
5910.70 -0.1284397806 0.2586426266
5910.90 0.1834900433 0.2588549430
5911.10 -0.4399121477 0.2576972144
5911.30 -0.3685452603 0.2575337772
5911.50 -0.1710134771 0.2572436949
5911.70 -0.0941779002 0.2573845507
5911.90 0.1121517239 0.2587295475
5912.10 0.3789168230 0.2595281619
5912.30 -0.0294758349 0.2586835922
5912.50 0.0226022571 0.2585920908
5912.70 0.8933958393 0.2596613008
5912.90 0.6839776154 0.2590300253
5913.10 0.2251256346 0.2583747955
5913.30 -0.4231109586 0.2572250863
5913.50 0.0400551397 0.2578258568
5913.70 -0.0131771977 0.2585560223
5913.90 0.5396699804 0.2731106923
5914.10 0.0434421458 0.2923807235
5914.30 0.4004197089 0.2828534828
5914.50 -0.0537119232 0.2617702646
5914.70 -0.4539537524 0.2575849307
5914.90 -0.1502801991 0.2576969967
5915.10 -0.7146156473 0.2569003131
5915.30 -0.3384017603 0.2576251174
5915.50 -0.3462028794 0.2583716039
5915.70 -0.2200250311 0.2588968887
5915.90 -0.1614099600 0.2590877761
