5870.10 -0.0475412312 0.0668560788
5870.30 -0.1608840779 0.0668156146
5870.50 -0.1608903183 0.0669434016
5870.70 0.0651348467 0.0670217635
5870.90 0.0021442227 0.0670116180
5871.10 -0.0647790883 0.0670828700
5871.30 0.0689544377 0.0671810880
5871.50 -0.0494668613 0.0670104690
5871.70 0.0152099670 0.0670456781
5871.90 0.0583521487 0.0670585870
5872.10 0.0628680854 0.0670205750
5872.30 0.0293930977 0.0669733183
5872.50 -0.1016535357 0.0669021354
5872.70 -0.0595110177 0.0668855075
5872.90 0.0024493336 0.0668797140
5873.10 -0.0963718018 0.0668352826
5873.30 -0.0859412639 0.0668903613
5873.50 0.0337399972 0.0670328603
5873.70 0.1555650894 0.0670865773
5873.90 0.1248099220 0.0671237564
5874.10 0.1236033640 0.0670891245
5874.30 0.0352003698 0.0670565479
5874.50 0.0584490284 0.0670483103
5874.70 0.0446895779 0.0670512406
5874.90 -0.0370806153 0.0670342637
5875.10 -0.0389084974 0.0671011045
5875.30 -0.0534004465 0.0671451049
5875.50 -0.0378169568 0.0673262308
5875.70 -0.0268575484 0.0673204724
5875.90 -0.0561283693 0.0674044003
5876.10 0.0407133035 0.0675801320
5876.30 -0.0305426680 0.0676157064
5876.50 -0.1124924388 0.0675095206
5876.70 -0.1522213561 0.0674071049
5876.90 -0.1028919709 0.0673060259
5877.10 0.0523948880 0.0672293044
5877.30 0.0253038998 0.0671228946
5877.50 -0.1949138566 0.0670542834
5877.70 -0.0376116548 0.0670709897
5877.90 -0.1763717998 0.0669738317
5878.10 -0.1903419625 0.0669456395
5878.30 -0.2032482086 0.0668945683
5878.50 -0.1179865699 0.0669151307
5878.70 0.0318871644 0.0670083911
5878.90 -0.1029246750 0.0669822008
5879.10 -0.0971265458 0.0670750282
5879.30 0.0141612847 0.0671690465
5879.50 -0.0842503924 0.0674622769
5879.70 -0.0225516428 0.0676603110
5879.90 0.1184612344 0.0676714984
5880.10 0.0386472623 0.0675580694
5880.30 -0.0094608982 0.0674510309
5880.50 -0.0488935121 0.0672344822
5880.70 -0.1348143698 0.0672993103
5880.90 -0.1061411599 0.0675752641
5881.10 -0.0724537630 0.0676473979
5881.30 -0.2018155556 0.0675966557
5881.50 -0.0023914197 0.0675886516
5881.70 -0.1323767963 0.0675909943
5881.90 -0.1480407859 0.0676446037
5882.10 -0.0501540210 0.0676003199
5882.30 -0.1234260086 0.0676604007
5882.50 -0.0149350730 0.0676860246
5882.70 -0.1558708015 0.0676452438
5882.90 -0.0995393418 0.0677105392
5883.10 0.0816782234 0.0677500112
5883.30 -0.0649593039 0.0676167036
5883.50 0.0017015652 0.0675745026
5883.70 0.0410739512 0.0677913343
5883.90 0.0753333480 0.0681297110
5884.10 0.1194088250 0.0681750019
5884.30 0.0136371068 0.0681615242
5884.50 0.0472448423 0.0680299051
5884.70 -0.1082071728 0.0675952402
5884.90 -0.1600512155 0.0673205854
5885.10 -0.1402747333 0.0672190888
5885.30 -0.1054524820 0.0672689723
5885.50 -0.0754474977 0.0674858785
5885.70 0.0796816177 0.0676403227
5885.90 -0.0683434067 0.0684774455
5886.10 0.0778816074 0.0685046435
5886.30 0.1250811403 0.0689387573
5886.50 0.1111154876 0.0686873586
5886.70 0.0466496518 0.0685798254
5886.90 0.0806593508 0.0679627602
5887.10 -0.0591400611 0.0684588163
5887.30 -0.1591194213 0.0683097133
5887.50 -0.1068899773 0.0688438083
5887.70 -0.0487572576 0.0692757537
5887.90 -0.0434537266 0.0694211303
5888.10 0.0010523116 0.0691616057
5888.30 0.0440089052 0.0692684085
5888.50 -0.1071419659 0.0691580445
5888.70 0.0349887332 0.0694780662
5888.90 -0.1136370054 0.0695234850
5889.10 0.0061124289 0.0697642402
5889.30 0.1391012617 0.0698539747
5889.50 0.0188215117 0.0703272367
5889.70 0.0062502604 0.0706939536
5889.90 -0.3334998723 0.0709728355
5890.10 -0.0265651171 0.0715867435
5890.30 0.1405104078 0.0714642097
5890.50 0.1898649847 0.0708706201
5890.70 0.0656605682 0.0703676680
5890.90 0.1114905925 0.0698963566
5891.10 -0.0629434682 0.0695873455
5891.30 0.0339427181 0.0695529404
5891.50 0.0670206203 0.0702035823
5891.70 0.0820694849 0.0701520823
5891.90 0.0630635847 0.0697187178
5892.10 0.2251989437 0.0693911738
5892.30 -0.1058028919 0.0694228781
5892.50 -0.0500932305 0.0685725320
5892.70 0.0024975293 0.0683699051
5892.90 0.0797726389 0.0685816174
5893.10 0.0070099019 0.0685062628
5893.30 -0.0312856158 0.0682241241
5893.50 -0.0496538854 0.0685515625
5893.70 -0.1427795100 0.0685909764
5893.90 -0.0453618358 0.0686272675
5894.10 -0.0023453019 0.0688102929
5894.30 -0.1108686580 0.0690664130
5894.50 -0.0091217737 0.0691517835
5894.70 -0.0584473901 0.0693073022
5894.90 0.0168916276 0.0697346090
5895.10 0.0623478270 0.0699087205
5895.30 0.0152022454 0.0697678531
5895.50 -0.0260421434 0.0697666750
5895.70 -0.1800799951 0.0696963330
5895.90 -0.3547139177 0.0694427091
5896.10 -0.1884128869 0.0694848218
5896.30 -0.0175400095 0.0698899314
5896.50 0.0534593989 0.0701394889
5896.70 0.0209110883 0.0703798325
5896.90 -0.0521444852 0.0704059674
5897.10 0.0556152250 0.0702825585
5897.30 0.1189024296 0.0699890679
5897.50 -0.0659147960 0.0697043409
5897.70 -0.1922139499 0.0691764108
5897.90 0.1143263662 0.0692120119
5898.10 -0.0730570728 0.0697267316
5898.30 -0.0475928726 0.0693018294
5898.50 -0.0531004493 0.0690704933
5898.70 0.0679557719 0.0688956198
5898.90 -0.0197510015 0.0690044033
5899.10 -0.0530476130 0.0684308955
5899.30 -0.1002668106 0.0683145497
5899.50 -0.0193221391 0.0682578196
5899.70 0.0672287572 0.0684393404
5899.90 -0.0080757804 0.0692870811
5900.10 0.0270929330 0.0694454447
5900.30 -0.0646365961 0.0694660883
5900.50 -0.1746959166 0.0693305948
5900.70 0.0731358634 0.0690800378
5900.90 -0.1296408496 0.0682538697
5901.10 -0.1799773152 0.0682406906
5901.30 -0.0576878655 0.0691548283
5901.50 -0.0610575165 0.0695761513
5901.70 -0.0245554044 0.0694012369
5901.90 -0.0030371573 0.0695152983
5902.10 -0.2311181655 0.0694211140
5902.30 -0.0794905290 0.0686410304
5902.50 -0.0216532027 0.0684633432
5902.70 -0.1503635852 0.0683706859
5902.90 -0.0039110813 0.0682361383
5903.10 -0.0877747952 0.0680084924
5903.30 -0.1086629142 0.0680439853
5903.50 -0.1384849472 0.0683145218
5903.70 -0.0980225895 0.0684082317
5903.90 -0.0553672833 0.0685329862
5904.10 -0.1760865200 0.0684057121
5904.30 -0.0551630451 0.0683418921
5904.50 -0.0710200023 0.0681227845
5904.70 -0.1430988015 0.0679746860
5904.90 -0.0396445080 0.0679950484
5905.10 -0.1212142035 0.0682053955
5905.30 -0.0752646382 0.0684113529
5905.50 -0.0519129706 0.0684057368
5905.70 -0.1044613550 0.0683379643
5905.90 -0.0948010869 0.0682413027
5906.10 -0.1195555974 0.0681054743
5906.30 -0.0450721861 0.0680129514
5906.50 -0.1458665494 0.0679376328
5906.70 0.0676744944 0.0680195381
5906.90 0.0375035552 0.0680595729
5907.10 -0.1149630087 0.0681238965
5907.30 0.0004148868 0.0684007676
5907.50 -0.0245719245 0.0683953581
5907.70 0.0539521992 0.0686522320
5907.90 0.0810753248 0.0686404872
5908.10 0.1110700394 0.0687556950
5908.30 -0.0416621165 0.0685897163
5908.50 0.0473836514 0.0685426134
5908.70 -0.0085041984 0.0683242323
5908.90 -0.0228979143 0.0688305484
5909.10 -0.1739191837 0.0685006797
5909.30 -0.2372937408 0.0684593798
5909.50 -0.0702573795 0.0684288034
5909.70 -0.1477905330 0.0683003635
5909.90 -0.0450386494 0.0680361354
5910.10 0.2108084869 0.0684796684
5910.30 0.2262783415 0.0685932584
5910.50 0.0074054866 0.0687508130
5910.70 0.2580974764 0.0693085483
5910.90 0.1430740225 0.0691004283
5911.10 0.0375100841 0.0687632962
5911.30 -0.0202879792 0.0685288070
5911.50 0.0977712215 0.0683102843
5911.70 0.1898250316 0.0680525095
5911.90 0.0865416842 0.0681288319
5912.10 -0.1855102892 0.0680286632
5912.30 -0.1536817375 0.0680592375
5912.50 -0.1678156239 0.0682424190
5912.70 -0.1270594922 0.0683630019
5912.90 -0.3025334526 0.0687334022
5913.10 -0.3400709238 0.0687206472
5913.30 -0.2619424289 0.0686980095
5913.50 -0.1498912534 0.0685351414
5913.70 -0.1508807578 0.0684079194
5913.90 0.0845903938 0.0681808284
5914.10 -0.1766221554 0.0684493536
5914.30 0.0616814225 0.0685540801
5914.50 -0.0647484368 0.0685695204
5914.70 0.0165895878 0.0686633223
5914.90 -0.0009803525 0.0688481229
5915.10 0.0056430394 0.0685437361
5915.30 -0.1890405929 0.0687511631
5915.50 -0.1760749326 0.0689693774
5915.70 -0.1322726402 0.0688983847
5915.90 -0.0330270018 0.0687881738
