5870.10 -0.0980657385 0.0430540384
5870.30 -0.0154575406 0.0430700896
5870.50 -0.1040246971 0.0430477153
5870.70 -0.0760250823 0.0431265901
5870.90 0.0443464332 0.0431592292
5871.10 0.0219170609 0.0431461764
5871.30 -0.0979738193 0.0431648080
5871.50 -0.0109398867 0.0432526667
5871.70 -0.0399329560 0.0431387966
5871.90 0.0446921558 0.0431552100
5872.10 -0.0566933745 0.0431539176
5872.30 -0.0289386678 0.0431099953
5872.50 -0.0360641078 0.0430950524
5872.70 -0.0514847957 0.0430775199
5872.90 0.0293340662 0.0430867372
5873.10 0.0198009894 0.0430861608
5873.30 -0.0604126978 0.0430426866
5873.50 -0.1455242229 0.0430402513
5873.70 0.0185344370 0.0431170782
5873.90 -0.0434185765 0.0431007263
5874.10 -0.1132880393 0.0431070604
5874.30 -0.0213711652 0.0431233398
5874.50 -0.0372730880 0.0431289222
5874.70 0.0094393054 0.0431259055
5874.90 -0.0531382775 0.0431100006
5875.10 -0.0872344110 0.0431097796
5875.30 -0.0237806875 0.0431573183
5875.50 -0.0117098011 0.0431912161
5875.70 0.0633679177 0.0432936481
5875.90 0.0855730103 0.0433037890
5876.10 0.0440126504 0.0433133664
5876.30 0.1166943252 0.0434339926
5876.50 0.1291069916 0.0434592042
5876.70 -0.0032058620 0.0433365872
5876.90 -0.0110582101 0.0433250134
5877.10 0.0813051077 0.0432737146
5877.30 0.0359483820 0.0432242206
5877.50 -0.0336406736 0.0431206697
5877.70 -0.0565501408 0.0431168273
5877.90 0.0336790651 0.0431259808
5878.10 -0.0051516796 0.0431078573
5878.30 0.0203808947 0.0431079525
5878.50 0.0714141253 0.0430879981
5878.70 0.0106350461 0.0430617416
5878.90 0.0146853525 0.0430695373
5879.10 0.0468270287 0.0430825884
5879.30 0.0666490462 0.0431326381
5879.50 0.0342501524 0.0431374350
5879.70 0.0024781738 0.0432754681
5879.90 0.0500334828 0.0433876810
5880.10 0.0684931814 0.0433576395
5880.30 -0.0555404705 0.0432742363
5880.50 0.0098218717 0.0433342618
5880.70 0.0355332920 0.0431921654
5880.90 -0.0040316386 0.0432086582
5881.10 -0.0556876884 0.0433104531
5881.30 -0.1002165138 0.0433430396
5881.50 0.0024857858 0.0433544909
5881.70 -0.0263143432 0.0433461432
5881.90 0.1322479196 0.0434216821
5882.10 0.0516098487 0.0433814639
5882.30 0.0186619379 0.0433070601
5882.50 0.0001476339 0.0433227758
5882.70 0.0445131697 0.0434118354
5882.90 0.0220641360 0.0433773072
5883.10 -0.0725450784 0.0433484572
5883.30 0.0041027540 0.0433687248
5883.50 -0.0362447878 0.0432993012
5883.70 -0.1257656842 0.0432892962
5883.90 -0.0751825758 0.0433694165
5884.10 0.0981783388 0.0435524823
5884.30 -0.0123266714 0.0435102535
5884.50 -0.0583284678 0.0434623931
5884.70 0.0171525901 0.0436003623
5884.90 0.0453760063 0.0433520244
5885.10 0.1083075630 0.0432255287
5885.30 0.1552989120 0.0431374470
5885.50 -0.0211917467 0.0430982957
5885.70 0.0067973938 0.0431989143
5885.90 0.0758901038 0.0432484567
5886.10 0.0460121846 0.0436659505
5886.30 -0.0002358598 0.0436705980
5886.50 -0.0653281568 0.0438079706
5886.70 -0.0322808315 0.0437633720
5886.90 -0.0052711256 0.0437959141
5887.10 0.0358023562 0.0434233315
5887.30 -0.0273641510 0.0437346499
5887.50 -0.0953714726 0.0437505053
5887.70 -0.0150841719 0.0440091801
5887.90 0.0256355964 0.0442981115
5888.10 -0.0771333782 0.0445598002
5888.30 -0.0767050050 0.0442748562
5888.50 -0.0598695180 0.0444791047
5888.70 -0.0533634125 0.0443515357
5888.90 0.0129853182 0.0444673818
5889.10 -0.0275436324 0.0444826800
5889.30 -0.0268558936 0.0445540697
5889.50 -0.0071061847 0.0447056278
5889.70 -0.1507808047 0.0449756823
5889.90 -0.2643261488 0.0450386337
5890.10 -0.1384843438 0.0451625918
5890.30 -0.1510907239 0.0453611806
5890.50 -0.0582432938 0.0454452236
5890.70 -0.0032911706 0.0448908376
5890.90 0.0789214525 0.0448761822
5891.10 -0.0443854442 0.0445153570
5891.30 0.0766283045 0.0443151042
5891.50 -0.0024116201 0.0442072126
5891.70 -0.0211664344 0.0444134967
5891.90 0.0174044525 0.0443710825
5892.10 0.0016779054 0.0440587556
5892.30 0.0576778933 0.0438823382
5892.50 -0.0604361251 0.0441723948
5892.70 -0.0220894247 0.0436021694
5892.90 -0.0412849046 0.0434290013
5893.10 0.0373243362 0.0435957534
5893.30 0.0002620842 0.0437329066
5893.50 0.0433522181 0.0435499294
5893.70 0.0132990419 0.0437487985
5893.90 -0.0776779081 0.0439036360
5894.10 -0.0414872665 0.0438441231
5894.30 -0.0694179659 0.0440054681
5894.50 -0.0071080783 0.0441187887
5894.70 -0.0667682374 0.0440873311
5894.90 -0.0363825448 0.0441606825
5895.10 -0.0645243781 0.0443682385
5895.30 -0.0204681514 0.0445104230
5895.50 -0.0503798574 0.0443948029
5895.70 -0.2640695615 0.0444221683
5895.90 -0.2490917139 0.0444018176
5896.10 -0.0811849414 0.0442819335
5896.30 -0.0479070316 0.0442388341
5896.50 -0.0507197989 0.0443461415
5896.70 0.0342874744 0.0444392354
5896.90 0.0710625615 0.0445546385
5897.10 0.0547800802 0.0445362636
5897.30 0.0476806849 0.0445301831
5897.50 -0.0182784818 0.0442303380
5897.70 -0.0125473549 0.0441487520
5897.90 -0.1082512375 0.0437486936
5898.10 0.0270541945 0.0436588644
5898.30 0.0121073342 0.0440247650
5898.50 -0.0590833612 0.0437625596
5898.70 0.0208291790 0.0436233919
5898.90 -0.0853750665 0.0436344289
5899.10 -0.1350069067 0.0437599080
5899.30 -0.1432942170 0.0433599482
5899.50 -0.0947255715 0.0432642010
5899.70 -0.1069900840 0.0432548591
5899.90 -0.0494787092 0.0434172105
5900.10 0.0696290025 0.0438014266
5900.30 -0.0717895120 0.0438386890
5900.50 -0.0706377610 0.0437551224
5900.70 -0.0694173251 0.0438259009
5900.90 -0.0254707019 0.0439039771
5901.10 -0.0555133685 0.0432809505
5901.30 -0.0830062710 0.0432499304
5901.50 -0.0262990296 0.0436617538
5901.70 -0.0227297301 0.0439474008
5901.90 -0.0783068220 0.0437558434
5902.10 0.0601427733 0.0437943594
5902.30 0.0972993357 0.0441403871
5902.50 0.0383107063 0.0434849249
5902.70 -0.0075289607 0.0432801765
5902.90 0.0327655451 0.0433356735
5903.10 0.0989768014 0.0432693463
5903.30 0.0371274020 0.0431052748
5903.50 -0.0481278227 0.0430971047
5903.70 0.0851627532 0.0432659544
5903.90 -0.0439751148 0.0432637559
5904.10 0.1068905794 0.0433242459
5904.30 0.0241745495 0.0433160297
5904.50 0.0372954524 0.0432713715
5904.70 -0.0008679777 0.0431557457
5904.90 0.0199951953 0.0430727396
5905.10 -0.0066781380 0.0430277497
5905.30 0.0609291792 0.0431482781
5905.50 0.1000981472 0.0432572850
5905.70 -0.0160734593 0.0432147162
5905.90 0.0546142846 0.0432093120
5906.10 0.0069614811 0.0432114788
5906.30 0.0392687344 0.0431464392
5906.50 0.1452813493 0.0430758464
5906.70 0.0992398130 0.0430256673
5906.90 0.1261860105 0.0430292313
5907.10 0.0336932984 0.0430410918
5907.30 0.1068835503 0.0430879526
5907.50 0.0638448079 0.0431816878
5907.70 0.0207276821 0.0431615763
5907.90 0.0924083336 0.0432793849
5908.10 0.0047754457 0.0433153427
5908.30 0.0517928906 0.0433578216
5908.50 0.0076304432 0.0432535637
5908.70 -0.0994969477 0.0432484552
5908.90 0.0525686427 0.0431351463
5909.10 -0.0626491014 0.0434036146
5909.30 -0.1115604545 0.0432175569
5909.50 -0.1211148190 0.0431669516
5909.70 -0.0531772301 0.0431781340
5909.90 -0.0516838539 0.0432390148
5910.10 -0.0627510087 0.0429656510
5910.30 -0.0000151375 0.0431425232
5910.50 -0.0252657194 0.0431547652
5910.70 0.0258105664 0.0432377016
5910.90 -0.0092027858 0.0434939436
5911.10 0.0077209993 0.0434768201
5911.30 -0.0150472444 0.0432481249
5911.50 -0.0191022409 0.0432268485
5911.70 0.0001199542 0.0431449965
5911.90 -0.1894730987 0.0428805407
5912.10 0.1000534162 0.0429967072
5912.30 -0.1311828364 0.0429582908
5912.50 -0.1571537696 0.0429390153
5912.70 0.0379452293 0.0431010692
5912.90 0.0742607685 0.0431643418
5913.10 0.1126147250 0.0433427409
5913.30 -0.0644449083 0.0433182815
5913.50 -0.0306361888 0.0433181415
5913.70 -0.0944980943 0.0432003732
5913.90 -0.0889758480 0.0432183335
5914.10 -0.0730080637 0.0429583818
5914.30 -0.0519658493 0.0431173848
5914.50 0.0529530894 0.0431323780
5914.70 -0.1316626417 0.0430680477
5914.90 -0.0827024599 0.0431117687
5915.10 -0.0615474638 0.0432824449
5915.30 -0.0879563955 0.0430617672
5915.50 -0.0145838465 0.0431713655
5915.70 -0.0131735641 0.0433741822
5915.90 -0.0989804934 0.0432824872
