-5.344299052905701619e-02 5.752531080673861652e-04 1.112151850816495190e-03
-5.266673235450732710e-02 -1.957007419072787080e-03 1.262280743388449712e-03
-5.193711641593704714e-02 2.696919558996646593e-03 1.382491713548096059e-03
-5.119417335829899024e-02 -1.844589705542576397e-03 1.237072633026522345e-03
-5.039126376040943545e-02 -1.403302535336159451e-03 1.143345308195568930e-03
-4.967497212611126506e-02 -1.986510831127219490e-03 9.523258953146713189e-04
-4.893536232265689734e-02 -6.548139414598308505e-04 9.624050416619348057e-04
-4.821240994362049198e-02 -3.008113710112336747e-04 1.021681090114448000e-03
-4.742615495535322523e-02 -8.919872134333095559e-04 9.881654530818602747e-04
-4.669653915082081636e-02 6.763107400762358168e-04 1.026357299009427772e-03
-4.594027165487275799e-02 -2.069472339683242623e-03 1.056135119072513714e-03
-4.517400747924501386e-02 3.952781969560614783e-04 1.096166929553628279e-03
-4.443439472695714931e-02 -4.213614552717181994e-05 1.093425318850180933e-03
-4.367146380551310825e-02 -2.984679922155564213e-04 1.167142329718630356e-03
-4.290853288406906024e-02 2.244141756682083155e-04 1.070938748984206698e-03
-4.217558369131506335e-02 3.338357491677879096e-04 1.041524256434660884e-03
-4.142264663475506842e-02 1.300786308329193730e-04 1.006350958089000536e-03
-4.068970039083460305e-02 1.500634747873208497e-03 1.040696050446914250e-03
-3.993676051947897543e-02 3.456756507074221219e-04 1.130253760447486131e-03
-3.918049315756880202e-02 3.524398815951901298e-03 1.270180515688411338e-03
-3.841422884790317988e-02 -4.090331247997847086e-04 1.194966898223590989e-03
-3.766795548491495144e-02 1.881025043258821583e-03 1.311324815279272908e-03
-3.691834886774302688e-02 4.289135377711916775e-04 1.343959845582584460e-03
-3.617207537071691348e-02 1.870623112803615484e-03 1.483141378695902214e-03
-2.935899094386180269e-02 2.439628735001475590e-04 1.094883562702183731e-03
-2.865269612328120302e-02 4.670316783192962617e-04 1.001544241009693584e-03
-2.790975306564315306e-02 -1.019781123981489124e-03 1.003401855145837941e-03
-2.713349489109346743e-02 -9.171472194947627443e-04 1.004345535920514367e-03
-2.639721539298929900e-02 -4.940281466999651983e-04 9.325619934999416485e-04
-2.565094203000107403e-02 3.944542640978987436e-04 9.393291120308604235e-04
-2.486135673638363575e-02 6.941118054512029900e-04 9.434227504209220924e-04
-2.411508323935751888e-02 1.516272777558169693e-03 9.564959413134211134e-04
-2.337880374125334698e-02 -1.468403770289450350e-03 1.083250691079275197e-03
-2.263253037826512201e-02 2.054236131858511172e-03 1.180954997411765494e-03
-2.184960851014367336e-02 -1.505692265444391609e-03 1.253103124661118220e-03
-2.110666545250562340e-02 1.078379780036553548e-03 1.161216715390178157e-03
-1.883786041794159941e-02 -2.673014909157722663e-03 9.807134422783296557e-04
-1.808825380076967484e-02 -1.347306562568983956e-03 9.990053736425585917e-04
-1.733864718359775028e-02 -1.391187965238405155e-03 9.814515591575502778e-04
-1.657904656750388075e-02 -2.823115975495449348e-04 1.018292721056547655e-03
-1.582944276512759235e-02 -5.953781056009521677e-04 9.464626859805810605e-04
-1.509316326702342045e-02 -1.278478804659144430e-03 9.784258832330973345e-04
-1.434355651581360747e-02 -2.721844456011868196e-03 9.986159214609667805e-04
-1.357729234018586507e-02 -3.480686192687265645e-04 1.078511030817748406e-03
-1.283435209734344780e-02 -3.123225084213698821e-03 1.092155757869781073e-03
-1.208141517482134476e-02 -3.324607770621268443e-03 1.133865039182829033e-03
-1.133513886299959868e-02 -4.061621284014105271e-03 1.228888628482904853e-03
-1.058220180643960721e-02 -3.850888374692051919e-03 1.275165416001151257e-03
-9.819270750957675986e-03 -4.572730645211797729e-03 1.272636496824476474e-03
-9.072997387969451016e-03 -3.493772773395020792e-03 1.284880712455514686e-03
-8.323390770797524721e-03 -1.458713961914104296e-03 1.337806844962801745e-03
-7.583780833305286788e-03 1.078006399369835222e-03 1.312789264565426177e-03
-6.827510656599485896e-03 -1.777775329885655786e-03 1.580972974165194842e-03
-6.054582787399977878e-03 -2.799147745808139298e-03 1.673406284798636609e-03
-5.338294101935321667e-03 -3.039783471274315474e-03 1.607180601101649078e-03
-4.575363180491277999e-03 -3.512354900632508325e-03 1.407138281184540114e-03
-3.812429310213711914e-03 4.944329333993469078e-04 1.338160724592309028e-03
-3.069489067371297675e-03 -2.307179737632281125e-03 1.270425623128817582e-03
-2.336539874617301650e-03 1.278566435788830447e-03 1.317242109238923615e-03
-1.566945393639381868e-03 -1.049916843868681227e-03 1.282099483543572673e-03
-8.273326413515095113e-04 9.267561263557322349e-04 1.293709822113254084e-03
-6.773484005327818616e-05 -1.664441246925218998e-03 1.253486919889453943e-03
6.852020824688245110e-04 -2.032655964789409353e-03 1.220424273415158904e-03
1.434808833678637716e-03 1.479187038281093436e-03 1.243373238748701672e-03
2.197742703956204018e-03 5.682036098848541883e-04 1.264345230273627475e-03
2.927358508488612891e-03 -1.074281033242141525e-03 1.241253648205826359e-03
3.703616683038296782e-03 -7.746760881585101899e-04 1.288391454122781972e-03
4.449890180064410179e-03 -4.126937094573346343e-03 1.263758812806756822e-03
5.169512119712766848e-03 -1.435991997165819711e-03 1.375226406649422261e-03
5.965758158068444443e-03 -3.007246794758611230e-03 1.282416855593287823e-03
6.712031521056671148e-03 -1.532688275417526391e-03 1.204471228421691862e-03
7.428323155354849341e-03 -1.635533685011458793e-03 1.246178959124126387e-03
8.204581329904533232e-03 -9.397453555459733820e-04 1.220180736943823202e-03
8.960848691814699701e-03 -3.049440860464547320e-03 1.166792555411531917e-03
9.690464630384995268e-03 -2.125516999294307929e-03 1.150823407299208503e-03
1.046006206019643898e-02 -4.719626301175838812e-03 1.109591226050670853e-03
1.119300830411691303e-02 -1.426481276923907693e-03 1.132303940701099784e-03
1.193595136175496126e-02 -3.607419040825288192e-04 1.194761338198337304e-03
1.270221553738270538e-02 -4.847756913599954309e-03 1.252559306768782996e-03
1.345181933975899378e-02 -3.370818715280998745e-03 1.129320140487331250e-03
1.420142609096880851e-02 -4.181437252214204037e-03 1.127080380451722348e-03
1.496102670706267630e-02 -1.667693479556420222e-03 1.093961201733591269e-03
1.570396976470072453e-02 -1.348976099075138713e-03 1.066302872162450208e-03
1.644357956815507490e-02 -1.382229643148047415e-03 1.066970820430695154e-03
1.719984693006523790e-02 -1.555436893747152993e-03 1.058387117096348503e-03
1.795611724080892896e-02 -1.965256284484850902e-03 1.072375727219449784e-03
1.870572385798085699e-02 -3.772312240558628460e-04 1.112321236887630488e-03
1.946199121989102346e-02 -2.221063380856924674e-03 1.086112564652550599e-03
2.020160115738326226e-02 -1.962611312555928578e-03 1.085352685187518850e-03
2.095453807990536182e-02 -3.609987883505416661e-03 1.184882983876740445e-03
2.170081439172711485e-02 -2.263355657873500348e-03 1.175824667137687985e-03
2.244375463456952519e-02 -2.951473426819339885e-03 1.262741854244342531e-03
2.321668250376903234e-02 1.680842296745144182e-04 1.126929323351853578e-03
2.523561853190452869e-02 4.719046603507415227e-04 9.631231973158857181e-04
3.016302726423279040e-02 -1.169467174587768277e-03 1.033786228148285934e-03
3.089264306876519928e-02 9.395996990386734637e-04 1.061093999334833567e-03
3.164891337950889033e-02 1.781174254960937731e-03 1.041286740453492999e-03
3.240185043606888526e-02 -1.712113342041798880e-03 1.057066141301785762e-03
3.314479067891128866e-02 5.029603120443315589e-05 1.104837074504019063e-03
3.390106085561709476e-02 7.324561788255579131e-04 1.152029348602440911e-03
3.466066147171096429e-02 1.312949141113350926e-03 1.142305744538495236e-03
3.541692883362113076e-02 1.042046942932195464e-03 1.114299545083360628e-03
3.615987189125918072e-02 1.211758494522818808e-03 1.098011606548128646e-03
3.691280894781916178e-02 4.004256997954813713e-04 1.092040625542511955e-03
3.766907630972933518e-02 1.076752156833560292e-03 1.123239561653416535e-03
3.842867692582319777e-02 8.639892596914444667e-04 1.089115165688298026e-03
3.917495042284931811e-02 -1.931698064115416891e-03 1.062305052640131120e-03
3.992122673467105726e-02 -1.014860900577674307e-03 1.069689811029342396e-03
