-3.859636998424857690e-02 -1.571566330739737616e-03 1.144484977149255039e-03
-3.748362765447461886e-02 1.430197377303432660e-04 1.120933468197339578e-03
-3.641086708401758409e-02 1.430903727275723014e-03 1.093506927138191689e-03
-3.534476993905653897e-02 2.546823777013429435e-03 1.028442661488801306e-03
-3.425534886131017392e-02 -9.002568890504880628e-04 1.029851747593508397e-03
-3.317259415789330923e-02 1.482142680548914626e-03 1.052468865011219317e-03
-3.209650033325257834e-02 1.391004323068489867e-03 1.035901972474946153e-03
-3.099708525658426486e-02 3.139623476365538401e-03 1.034742529796285572e-03
-2.990100343409965097e-02 -8.403764372519884063e-04 1.088981308051577886e-03
-2.882824272960473125e-02 3.601532519718064762e-04 1.129609116209884332e-03
-2.775214877092610846e-02 -2.686850900782244977e-03 1.159303274901273603e-03
-2.665939738782955801e-02 -1.273728702111287525e-03 1.108757619461806865e-03
-2.555665187177318456e-02 -5.635626029913964885e-04 1.160647996304125249e-03
-2.443391862594869804e-02 2.163285965434136315e-03 1.005024927779713277e-03
-2.338114578525976942e-02 6.971855924076120203e-04 9.241851810519498018e-04
-2.231171552015291659e-02 -1.570399392532006999e-04 8.756871627946684724e-04
-2.121230044348460311e-02 9.231387789457867754e-04 8.939309328725326140e-04
-2.015286699209532101e-02 -1.128950930591843260e-03 8.870616987107772479e-04
-1.908010628760040475e-02 6.830396891794876524e-04 9.284720077807721850e-04
-1.797402765139821321e-02 7.630375212701601129e-04 9.448677332387639275e-04
-1.686795182999166129e-02 -3.099671438285489522e-03 9.419384791525025257e-04
-1.579518831070110541e-02 -5.183195024427433850e-05 9.579259925100586104e-04
-1.471576404667230761e-02 -1.102019359116579444e-03 9.355689356667133911e-04
-1.363300934325544812e-02 -2.152134454276199982e-03 9.689607298480078148e-04
-1.252693070705325658e-02 -2.087564421758281163e-03 1.002955526247462526e-03
-1.143417918991882117e-02 -2.685473585656517059e-03 1.030500034943316852e-03
-1.037807604387971754e-02 -1.984837926399696251e-03 1.036353411824706772e-03
-9.295321474500744738e-03 -1.337320192515645267e-03 1.034051598721157312e-03
-8.209233650938070614e-03 2.451877824436454745e-04 1.073384035122050811e-03
-7.119812439153811942e-03 -1.665383260497921292e-03 1.127051335799707709e-03
-6.050384988842590940e-03 -2.361598533531794608e-03 1.106669199796748385e-03
-4.940976047290223522e-03 -1.276522236597132931e-03 1.153926452818330138e-03
-3.864882088611604205e-03 -2.731211566748603659e-03 1.160784167691872098e-03
-2.785457824582807714e-03 -5.538055487681603495e-04 1.230081850762969678e-03
-1.702700306370311632e-03 7.812650798451059586e-04 1.197133209580972983e-03
-6.099517380693973354e-04 7.547944113440729907e-04 1.280704968039681532e-03
4.728057801430987465e-04 -1.392103076818029805e-03 1.358692584476032996e-03
1.562224043093836303e-03 1.582973265270792851e-03 1.406322717939914330e-03
2.631654308200691728e-03 -1.339814012214390893e-03 1.415491300786101813e-03
3.737730129607246682e-03 -1.103852882005984526e-03 1.603261146183841647e-03
4.820487647819742330e-03 1.073848487516348982e-03 1.492867317392126405e-03
5.909905776732592327e-03 -1.381017326598232842e-03 1.518245715153829049e-03
6.976005870527159439e-03 -9.839174688949237080e-04 1.486480151231118650e-03
8.068754438828073736e-03 -8.871507517519416908e-04 1.529138128163240419e-03
9.164839076108322047e-03 -1.530809267997534917e-03 1.464583219717322015e-03
1.025425733905905960e-02 -2.803927107196568791e-03 1.434521507425778062e-03
1.132035448402010126e-02 -3.764341153293715436e-03 1.445225588404909717e-03
1.243309667975616914e-02 1.002475666237456764e-04 1.438621054222810874e-03
1.350918768960126387e-02 -2.090269533260302737e-03 1.379873454475630734e-03
1.458528164827988492e-02 -9.696393114778656397e-04 1.360695831402735810e-03
1.568136347076450055e-02 -1.604596195658447577e-03 1.317902509925681894e-03
1.676412098897699793e-02 -1.268846773033516229e-03 1.259839472478133668e-03
1.784687555835596726e-02 -3.219743840261135581e-03 1.213176486624553642e-03
1.892629982238476505e-02 -5.049088464275097721e-04 1.180640665976420657e-03
2.003237845858695312e-02 3.699008607808140781e-04 1.135929773610645311e-03
2.108514848448024559e-02 -1.419299181594002590e-03 1.117029021518682521e-03
2.219455742603261214e-02 9.964188084345959595e-04 1.059534510363427948e-03
2.325399382625541536e-02 -9.209207459980328636e-04 1.013476546832779495e-03
2.435673920827390732e-02 1.399946514679228926e-03 1.035446545506757366e-03
2.544282703183657970e-02 4.036992723450705256e-04 9.529341339899516285e-04
2.651558773633149943e-02 -2.876391126261923503e-04 9.274959247245317256e-04
2.758834844082642263e-02 -3.011398676012744247e-04 1.009076841538982189e-03
2.873440293867848480e-02 6.822730959044065457e-05 9.768528710771085064e-04
2.979050889951322112e-02 9.098801245457366349e-04 9.623019451407793757e-04
3.086659990935831932e-02 -1.323697532217171791e-03 9.472265741538429731e-04
3.194269386803693517e-02 -5.988437768217336199e-04 9.270010054085825414e-04
3.304210612990961943e-02 -5.113356651735845304e-04 1.027289152522676153e-03
3.413152720765599141e-02 1.890098472172585531e-04 9.668944920231109909e-04
3.517430310058945048e-02 -3.481433027488489707e-03 9.281928019059267456e-04
3.629703929524746159e-02 2.991020407896449740e-04 9.443263185518518867e-04
3.729317295220153233e-02 -1.546463441773116010e-03 9.916000664369015866e-04
3.849586649975056396e-02 -1.448286204632220908e-03 1.095847079835180187e-03
3.953531222137173645e-02 4.476420468249031615e-04 9.369436195234224487e-04
4.061806679075071619e-02 -1.020880029223847352e-03 9.898743782457549920e-04
4.169416074942933204e-02 1.301871628159201322e-03 9.824766667203609170e-04
4.281356368990364009e-02 2.297899878145326369e-05 1.002860759879460519e-03
4.385967283702080222e-02 -1.639431286819204026e-03 1.050634104415938512e-03
4.497907577749510333e-02 -7.609408420635732639e-04 1.071563790603161917e-03
