5870.10 -0.0575336831 0.0515801188
5870.30 0.0437179370 0.0516263190
5870.50 0.0570810036 0.0516447782
5870.70 -0.0587821263 0.0516658172
5870.90 -0.1819601338 0.0515951954
5871.10 -0.0292109781 0.0516519371
5871.30 -0.1502075186 0.0517213207
5871.50 -0.0693096007 0.0517663899
5871.70 -0.0655511968 0.0516587246
5871.90 0.0666770519 0.0517440238
5872.10 -0.0172143049 0.0517306715
5872.30 0.0571796343 0.0516683673
5872.50 0.0214375974 0.0516461301
5872.70 -0.0177503359 0.0516171945
5872.90 0.0642065167 0.0516309050
5873.10 0.0268952334 0.0516022491
5873.30 0.0139937447 0.0515751341
5873.50 -0.0242863690 0.0515903818
5873.70 0.0500753753 0.0516614163
5873.90 -0.0612688567 0.0516409897
5874.10 -0.1082517175 0.0516766564
5874.30 0.0189550959 0.0517149310
5874.50 0.0038033465 0.0517075533
5874.70 -0.0202260441 0.0516735181
5874.90 -0.0289537099 0.0516610984
5875.10 0.0437550570 0.0516852654
5875.30 -0.0136247096 0.0516914651
5875.50 0.0483505011 0.0517406029
5875.70 -0.1018626511 0.0517715562
5875.90 0.0085002236 0.0518067551
5876.10 0.0377030427 0.0518885277
5876.30 -0.0597313207 0.0519528128
5876.50 0.0427231588 0.0519715834
5876.70 -0.1075245079 0.0518770617
5876.90 0.0627628361 0.0519858554
5877.10 0.0211907730 0.0518858075
5877.30 0.0164977404 0.0517916606
5877.50 0.0447213661 0.0516710835
5877.70 -0.1029999689 0.0516497095
5877.90 0.0647149575 0.0516871141
5878.10 0.0694331368 0.0516944196
5878.30 -0.0169960215 0.0516493845
5878.50 -0.0168017805 0.0515794832
5878.70 0.0046599785 0.0515673241
5878.90 0.0449123911 0.0515807453
5879.10 -0.0434639778 0.0515578102
5879.30 -0.0871600527 0.0515971559
5879.50 -0.0027283848 0.0516436154
5879.70 -0.0335656926 0.0518196374
5879.90 0.1291297006 0.0519276446
5880.10 0.0323733074 0.0519148642
5880.30 -0.0652191527 0.0519522768
5880.50 -0.0487014765 0.0519659007
5880.70 -0.0202212560 0.0517185066
5880.90 -0.0721628313 0.0517255549
5881.10 -0.0026529602 0.0518449024
5881.30 -0.0682417076 0.0518937747
5881.50 0.0318234261 0.0520102102
5881.70 -0.0336061448 0.0520294088
5881.90 0.0385012408 0.0520235681
5882.10 0.0053733149 0.0518885743
5882.30 -0.0462573423 0.0518429966
5882.50 0.0413931331 0.0520166579
5882.70 0.0303559707 0.0520850237
5882.90 0.0364027449 0.0519502390
5883.10 -0.0921704817 0.0519127814
5883.30 -0.0402827984 0.0519358051
5883.50 -0.0579214022 0.0519355383
5883.70 -0.0207639541 0.0519656192
5883.90 0.0471197951 0.0520511946
5884.10 0.0172109311 0.0520279997
5884.30 0.0234092232 0.0520664788
5884.50 0.1155185514 0.0522562687
5884.70 0.0143065905 0.0523790647
5884.90 -0.0066096804 0.0519402134
5885.10 0.0715967540 0.0517902814
5885.30 0.1119996351 0.0516832198
5885.50 -0.0000318168 0.0516625256
5885.70 0.0234009749 0.0517396019
5885.90 -0.0541993327 0.0517787140
5886.10 -0.0443776907 0.0522034249
5886.30 0.0573922772 0.0522556291
5886.50 -0.0825576036 0.0524885346
5886.70 -0.0074924667 0.0526265922
5886.90 0.0666519877 0.0525058693
5887.10 -0.0315688064 0.0521119516
5887.30 -0.0710510042 0.0523516734
5887.50 -0.0431710571 0.0522404200
5887.70 0.0119841965 0.0526043163
5887.90 -0.0583428155 0.0530124892
5888.10 -0.0406017207 0.0532919914
5888.30 0.0729596749 0.0531537100
5888.50 0.0340035989 0.0533588469
5888.70 0.0628629118 0.0531100342
5888.90 -0.0801969755 0.0531194211
5889.10 -0.0037680085 0.0532300083
5889.30 -0.0374652484 0.0534046868
5889.50 -0.0543365616 0.0535702478
5889.70 -0.1498310816 0.0537766045
5889.90 -0.3002367185 0.0537352774
5890.10 -0.0658851684 0.0540779684
5890.30 -0.1235145608 0.0544677896
5890.50 0.0502718311 0.0545469996
5890.70 0.1156514382 0.0539887289
5890.90 0.0567880624 0.0539362406
5891.10 0.0876420082 0.0534058327
5891.30 0.0501109291 0.0531316851
5891.50 -0.0041317015 0.0530473928
5891.70 -0.0508709876 0.0532361042
5891.90 -0.0135623071 0.0530485940
5892.10 -0.0118604125 0.0528659025
5892.30 0.0262116607 0.0529294108
5892.50 -0.0297060934 0.0529717208
5892.70 -0.0647030974 0.0520406125
5892.90 -0.0616097197 0.0520352247
5893.10 -0.0201936962 0.0523803985
5893.30 0.0282217752 0.0523010378
5893.50 -0.0143436867 0.0520776233
5893.70 -0.0618530655 0.0523034548
5893.90 0.0140630441 0.0525010487
5894.10 0.0149543232 0.0525130166
5894.30 -0.0493103408 0.0527488155
5894.50 0.0085781870 0.0527805185
5894.70 0.0279290548 0.0527585964
5894.90 -0.0770931248 0.0528816809
5895.10 -0.1139889359 0.0531549760
5895.30 0.0498622975 0.0532528973
5895.50 -0.0866719032 0.0531500440
5895.70 -0.1014969554 0.0533116745
5895.90 -0.1865017474 0.0532213350
5896.10 0.0130810799 0.0530925143
5896.30 0.0304792121 0.0530590851
5896.50 -0.0212613860 0.0531600415
5896.70 -0.1080510598 0.0531034639
5896.90 0.0286568959 0.0533305953
5897.10 0.0396671605 0.0534073366
5897.30 0.0430673488 0.0534299152
5897.50 -0.0459143289 0.0531401282
5897.70 -0.0383972589 0.0529549170
5897.90 -0.0524168257 0.0524905872
5898.10 0.0648481814 0.0524894336
5898.30 0.0361753629 0.0526907872
5898.50 -0.0407776697 0.0523062251
5898.70 0.0104048954 0.0523696421
5898.90 0.0547790692 0.0525659002
5899.10 -0.0010732786 0.0524047722
5899.30 0.0455490205 0.0518918139
5899.50 0.0189503427 0.0518756257
5899.70 -0.1151001245 0.0519585265
5899.90 -0.0422436745 0.0520423124
5900.10 -0.1262995001 0.0522168946
5900.30 -0.0771980174 0.0521953529
5900.50 -0.1566463914 0.0524212153
5900.70 -0.1255536119 0.0528169615
5900.90 -0.0506093924 0.0526312423
5901.10 0.0136251473 0.0518030819
5901.30 0.0814674683 0.0518454234
5901.50 0.0306801231 0.0522759930
5901.70 -0.0003101043 0.0523635330
5901.90 0.0430408099 0.0523882224
5902.10 -0.0848275927 0.0527540605
5902.30 -0.0596355313 0.0528680832
5902.50 -0.0553967587 0.0519082627
5902.70 -0.0799803727 0.0518507322
5902.90 -0.0241752968 0.0519559589
5903.10 -0.0332791566 0.0517577281
5903.30 0.1408219819 0.0516553431
5903.50 -0.0349107089 0.0516437303
5903.70 0.0268132571 0.0517364005
5903.90 -0.0250927655 0.0517388752
5904.10 -0.0666169356 0.0518177492
5904.30 0.0739254681 0.0519358585
5904.50 -0.0299884904 0.0518402575
5904.70 -0.0123639075 0.0516967250
5904.90 -0.1050792499 0.0515197327
5905.10 0.0601884350 0.0515503112
5905.30 -0.0259359429 0.0516336505
5905.50 -0.0850773105 0.0516638236
5905.70 -0.0067045746 0.0517038055
5905.90 0.0839748164 0.0518164558
5906.10 0.1031999113 0.0518328171
5906.30 0.0895059209 0.0516514948
5906.50 0.0530084286 0.0515060703
5906.70 -0.0213764336 0.0514653465
5906.90 0.0048267062 0.0514853281
5907.10 0.0344165010 0.0515054448
5907.30 0.0117541321 0.0515278877
5907.50 0.0372724708 0.0516203288
5907.70 -0.0303920369 0.0516265836
5907.90 0.0121689978 0.0518413687
5908.10 0.0880695547 0.0519060057
5908.30 0.0227384975 0.0518661345
5908.50 -0.0232192716 0.0517651905
5908.70 -0.1025158362 0.0517765403
5908.90 -0.0482528300 0.0516785942
5909.10 -0.0285752327 0.0519131846
5909.30 0.0038955702 0.0516299021
5909.50 -0.0130003300 0.0516958871
5909.70 -0.0085435973 0.0518288510
5909.90 -0.0139119303 0.0517581863
5910.10 -0.0678052029 0.0514162855
5910.30 0.0481676973 0.0515943398
5910.50 0.0720771677 0.0515789953
5910.70 -0.0158164808 0.0517287347
5910.90 0.0748127652 0.0520558845
5911.10 -0.0924666227 0.0519300195
5911.30 0.0327603111 0.0518220301
5911.50 0.1080931892 0.0518872345
5911.70 0.0891818795 0.0516317656
5911.90 -0.0078862713 0.0513445310
5912.10 -0.0319458025 0.0513872975
5912.30 -0.1971745217 0.0513461884
5912.50 -0.0536745887 0.0514210307
5912.70 0.1305151940 0.0516224883
5912.90 0.0678708122 0.0516113586
5913.10 0.0059520384 0.0517742394
5913.30 0.0161876441 0.0517979264
5913.50 0.1694764407 0.0519074180
5913.70 -0.0616128732 0.0518245245
5913.90 -0.3159728600 0.0516238569
5914.10 -0.0826186371 0.0513437591
5914.30 -0.1159611050 0.0514918299
5914.50 -0.0789121665 0.0514669891
5914.70 -0.0922364550 0.0515244417
5914.90 -0.0226878910 0.0516953745
5915.10 -0.0201254197 0.0517180632
5915.30 -0.1384231433 0.0514299089
5915.50 0.0411704137 0.0516601214
5915.70 -0.0228050308 0.0518174364
5915.90 -0.1423643520 0.0516223183
