-3.128780070074128894e-02 -2.716817885248246078e-03 1.583727795423521588e-03
-3.055821063148326036e-02 -1.105198890663738887e-03 1.680759566626000446e-03
-2.978864483461323917e-02 -9.323107979367639686e-04 1.716115440069759541e-03
-2.902573978248146336e-02 -2.150738516932371169e-03 1.789994739011593504e-03
-2.828615303354374902e-02 -1.244704020683218282e-03 1.802152961243754523e-03
-2.752325079620760589e-02 1.986896511941838028e-04 1.759894418272695254e-03
-2.678366404726989156e-02 -1.390535331967868160e-03 1.825106259124405043e-03
-2.603741641955604341e-02 1.211270535152575434e-03 1.683857918601581929e-03
-2.525119319826809108e-02 2.252285635153672416e-04 1.764007648513594116e-03
-2.451826987482636985e-02 4.218480996966422758e-03 1.826484169622703217e-03
-2.377868594068428473e-02 2.166648256173742126e-03 2.029887164913128910e-03
-2.300911732901863085e-02 7.832568437660114569e-05 1.992025735051701062e-03
-2.226620308952636726e-02 -1.013224793669498247e-03 1.930137344179420596e-03
-2.152994946073446408e-02 3.661515048219321500e-03 1.858760676596710832e-03
-2.078703227240867937e-02 -1.672321573390034288e-03 1.967124340331737400e-03
-2.001746647553866512e-02 5.550506079115002933e-04 1.847014808513411941e-03
-1.926788572767900581e-02 7.095109740689053979e-04 1.755943670779702660e-03
-1.852497148818674569e-02 -7.550570776916343263e-04 1.889837321729904117e-03
-1.775207243713302491e-02 -2.453732064128133494e-03 1.801604269521016452e-03
-1.701248555415742214e-02 -4.832860009713613181e-04 1.725562500692956209e-03
-1.625624419559740935e-02 1.928812126505308200e-03 1.843038322437792146e-03
-1.551332982206726080e-02 -3.051907030757750050e-04 1.901275569257533920e-03
-1.473043395729596583e-02 -3.675689025447570479e-03 1.811509576394929391e-03
-1.399418327733758551e-02 6.143921861169188148e-04 2.027461817644642464e-03
-1.326126008793374576e-02 -2.908383995572361158e-03 1.832544285263556019e-03
-1.250501859533584281e-02 -2.034752075624757239e-04 2.020675104737291311e-03
-1.173878310381600183e-02 -9.264532749785336918e-04 2.055461204505115713e-03
-1.097920849107228945e-02 -5.569921871390048906e-03 2.082886262863346914e-03
-1.023962455693020607e-02 -1.379464212872716367e-03 1.948001293728316612e-03
-9.510034487672177489e-03 1.025507903916755836e-04 1.873646475155801936e-03
-8.733805131268283437e-03 -8.857696225635924847e-04 1.898032579902645452e-03
-7.987557637592323720e-03 6.913687603709028906e-04 1.895957990004364926e-03
-7.237976889732665280e-03 -6.464768591086800242e-04 1.978720530502183633e-03
-6.501723260940759502e-03 -2.518784613523172844e-03 1.957565655171940658e-03
-5.778796885254493948e-03 -3.860595067532002211e-03 1.689789303619914718e-03
-4.969252411938965101e-03 -4.968191927176013323e-04 1.699489646221480832e-03
-4.226335223613182125e-03 -2.403220092123348195e-03 1.660578706378656533e-03
-3.463430171481406313e-03 2.340396138005296223e-04 1.550813964640620699e-03
-2.717182677805446596e-03 -1.880671154570801029e-03 1.636566835177891361e-03
-1.980931997847063235e-03 4.043149396211198621e-04 1.811150064699212870e-03
-1.214693691531587181e-03 -1.621464850337650532e-04 1.829729823229127436e-03
-4.817733169233808324e-04 2.005593295942076359e-03 1.853455458333294007e-03
2.811317352083957935e-04 1.793127268262750817e-03 1.746854126018208180e-03
1.020715669350478636e-03 -4.842424954873969511e-04 1.997973481220769506e-03
1.776957161948378768e-03 -1.341314567327778207e-03 1.965489584738110314e-03
2.526537909808037642e-03 -8.523008515397556550e-04 2.078997862367292990e-03
3.276115842872061226e-03 1.221196618246489507e-03 1.875509713571077040e-03
4.059008758809832043e-03 -1.659676118778818932e-03 1.743792307602080177e-03
4.768610830223980225e-03 -2.112602373815386514e-03 2.093665666967451950e-03
5.561497745083692108e-03 2.192237254019735460e-03 1.921133464877117919e-03
6.304414933409474217e-03 8.043337544451079069e-04 1.896432777938616065e-03
7.040668562201379994e-03 -9.157243629211997415e-04 2.135113763121703964e-03
7.776922190993285772e-03 -3.050791273949360338e-03 2.196475749457674990e-03
8.546487853825416800e-03 -4.063799143111279655e-03 1.918837031277361403e-03
9.306062600607015872e-03 -3.771695925467999366e-03 1.983410164440322157e-03
1.002898897629328143e-02 -1.153068758997344290e-03 1.819556415452981647e-03
1.078856090827924608e-02 -2.309027085863224471e-03 1.852499940447726061e-03
1.153480840195520579e-02 2.969401456092368718e-03 2.063665769529721312e-03
1.229771345408698160e-02 -1.064182187071383012e-03 1.921318297660122012e-03
1.307061250514069892e-02 -2.515508628035068028e-03 1.912917974001075196e-03
1.377355101702096817e-02 -2.743745781824125096e-03 1.772961220136111578e-03
1.451646807130886618e-02 2.618741158810999892e-03 1.836834276359047705e-03
1.529269756175064866e-02 -2.460832389438838419e-03 1.928076114331000535e-03
1.604893905434854814e-02 -5.064430367928141052e-04 1.817865961640475472e-03
1.678519254910256636e-02 -2.143835071827360217e-03 1.727330187137721346e-03
1.753477329696222220e-02 -2.072092876711506548e-04 1.770396289534177268e-03
1.833099065120999752e-02 -2.914075423623985195e-03 1.689703441942423928e-03
1.905058658750820311e-02 -7.521689779480533744e-04 2.112064905219495151e-03
1.979350377583398435e-02 1.395469702990537186e-03 1.940186687403342575e-03
2.052975740462589099e-02 2.638108764658642080e-03 1.719570148900603345e-03
2.130598676102978331e-02 -7.764883277966427855e-04 1.788624802397476314e-03
2.202558283136587039e-02 1.227504594530248738e-03 1.679872675011608463e-03
2.277516063039200858e-02 4.645357784341941354e-04 2.049701714594223765e-03
2.355805368036766392e-02 -3.043573239026597932e-04 2.136024083296179238e-03
2.429763761450974904e-02 -7.827039913590461140e-04 1.888900433180164479e-03
2.503389124330165916e-02 4.640597722818329274e-03 1.824536987626995026e-03
2.583344171769524564e-02 4.892807106338992185e-03 2.020036004750158827e-03
2.657968921137120188e-02 -2.352419464646593461e-03 1.649580402671987434e-03
2.731927314551328700e-02 7.377729996531634526e-04 1.741359482252556297e-03
2.804886602956695174e-02 1.133765819269605402e-03 1.804788292828502427e-03
2.881510138704890603e-02 2.604682594346208191e-03 1.796042207538980657e-03
2.955468532119099115e-02 -1.861350018602658807e-04 2.107097976051612413e-03
3.030759650843871042e-02 -9.638554569514345971e-04 2.161582528780024541e-03
3.109715311794824383e-02 2.028482747822302201e-04 2.050001276273006722e-03
3.180009149579062638e-02 -3.783114160180178764e-03 1.775877283960751105e-03
3.256632698731046910e-02 -5.333566536602774022e-05 1.971423769989402459e-03
3.332923203944224838e-02 9.259530534647675282e-04 1.947686968588858330e-03
3.407547953311820810e-02 -1.913703182646275813e-03 1.739068533233953384e-03
3.484171502463804387e-02 -2.762192151680609165e-03 1.796623426692903897e-03
3.558129895878012899e-02 -1.957309859866196433e-03 1.799875783732711150e-03
