5870.10 -0.0749585636 0.0296294903
5870.30 -0.0247888390 0.0296399399
5870.50 -0.0623250193 0.0296472441
5870.70 -0.0427139777 0.0296838096
5870.90 -0.0389326064 0.0296801377
5871.10 -0.0120547443 0.0296928686
5871.30 -0.0827145884 0.0297206048
5871.50 -0.0380177521 0.0297429324
5871.70 -0.0377260860 0.0296885128
5871.90 0.0544660185 0.0297111570
5872.10 -0.0205878188 0.0297048615
5872.30 0.0107312690 0.0296746596
5872.50 -0.0301296707 0.0296593863
5872.70 -0.0421301510 0.0296467322
5872.90 0.0353500681 0.0296518272
5873.10 -0.0008452249 0.0296423441
5873.30 -0.0410200713 0.0296278303
5873.50 -0.0705847659 0.0296422805
5873.70 0.0557051897 0.0296855017
5873.90 -0.0165613084 0.0296794951
5874.10 -0.0654274149 0.0296853249
5874.30 0.0029343088 0.0296950811
5874.50 -0.0050702914 0.0296947829
5874.70 0.0063948260 0.0296875989
5874.90 -0.0420929708 0.0296785964
5875.10 -0.0347018626 0.0296888891
5875.30 -0.0263460337 0.0297093945
5875.50 0.0029114064 0.0297454469
5875.70 -0.0091096075 0.0297842447
5875.90 0.0322423481 0.0298014955
5876.10 0.0411671338 0.0298353458
5876.30 0.0293716415 0.0298900121
5876.50 0.0529736340 0.0298925920
5876.70 -0.0670095335 0.0298258039
5876.90 -0.0049714453 0.0298338327
5877.10 0.0557177168 0.0297915263
5877.30 0.0272191471 0.0297482679
5877.50 -0.0395009665 0.0296857027
5877.70 -0.0682816863 0.0296818435
5877.90 0.0025167326 0.0296834764
5878.10 -0.0170702366 0.0296764970
5878.30 -0.0360344537 0.0296635510
5878.50 0.0049146537 0.0296455686
5878.70 0.0127722525 0.0296428184
5878.90 0.0014446019 0.0296456187
5879.10 -0.0113296193 0.0296535557
5879.30 0.0053869240 0.0296854900
5879.50 -0.0011019443 0.0297210726
5879.70 -0.0145418160 0.0298166758
5879.90 0.0893501734 0.0298749157
5880.10 0.0505797603 0.0298529094
5880.30 -0.0498939778 0.0298234875
5880.50 -0.0212730003 0.0298268331
5880.70 -0.0162350063 0.0297392220
5880.90 -0.0465717907 0.0297696676
5881.10 -0.0415030114 0.0298318670
5881.30 -0.1095552090 0.0298474612
5881.50 0.0111248907 0.0298726241
5881.70 -0.0496181514 0.0298737152
5881.90 0.0464163273 0.0299019409
5882.10 0.0163770076 0.0298593296
5882.30 -0.0306021795 0.0298315013
5882.50 0.0106675594 0.0298718316
5882.70 0.0005322425 0.0299104353
5882.90 0.0030292815 0.0298791887
5883.10 -0.0491811507 0.0298660214
5883.30 -0.0242268396 0.0298655593
5883.50 -0.0361997490 0.0298391661
5883.70 -0.0588481564 0.0298600359
5883.90 -0.0059361459 0.0299314656
5884.10 0.0752815723 0.0299909843
5884.30 0.0043324560 0.0299833710
5884.50 0.0193130252 0.0299925050
5884.70 -0.0086576926 0.0300230653
5884.90 -0.0122821547 0.0298352283
5885.10 0.0473114275 0.0297568052
5885.30 0.0899954944 0.0297120381
5885.50 -0.0248450436 0.0297138965
5885.70 0.0263257109 0.0297747019
5885.90 0.0050522846 0.0298688333
5886.10 0.0218274806 0.0300895523
5886.30 0.0427172227 0.0301376948
5886.50 -0.0369988205 0.0302061463
5886.70 -0.0090775159 0.0302082463
5886.90 0.0348081276 0.0301427467
5887.10 -0.0047913681 0.0299886424
5887.30 -0.0676182641 0.0301237291
5887.50 -0.0804112437 0.0301528780
5887.70 -0.0127238262 0.0303438660
5887.90 -0.0156441178 0.0305290577
5888.10 -0.0498071512 0.0306453809
5888.30 -0.0040228137 0.0305352672
5888.50 -0.0382997277 0.0306314352
5888.70 0.0020313831 0.0305700105
5888.90 -0.0425935894 0.0306135860
5889.10 -0.0133719975 0.0306602136
5889.30 0.0015602155 0.0307245589
5889.50 -0.0179404987 0.0308459492
5889.70 -0.1203615486 0.0310049513
5889.90 -0.2899149592 0.0310408443
5890.10 -0.0932814223 0.0311986764
5890.30 -0.0861573962 0.0313284915
5890.50 0.0258387126 0.0313205352
5890.70 0.0489829259 0.0309897461
5890.90 0.0778574245 0.0309344470
5891.10 -0.0045843108 0.0306892552
5891.30 0.0595018101 0.0305685570
5891.50 0.0099011535 0.0305712083
5891.70 -0.0116173740 0.0306710400
5891.90 0.0157088212 0.0305850980
5892.10 0.0399715046 0.0304199974
5892.30 0.0157044292 0.0303763557
5892.50 -0.0487370927 0.0304067912
5892.70 -0.0315976132 0.0300261114
5892.90 -0.0251533969 0.0299861412
5893.10 0.0123935609 0.0301002874
5893.30 0.0031424680 0.0301059346
5893.50 0.0060878962 0.0300314411
5893.70 -0.0419690298 0.0301432469
5893.90 -0.0412334362 0.0302347009
5894.10 -0.0153057639 0.0302331251
5894.30 -0.0709151860 0.0303527186
5894.50 -0.0025526699 0.0304031408
5894.70 -0.0339524069 0.0304018234
5894.90 -0.0398794268 0.0304853899
5895.10 -0.0567107941 0.0306205188
5895.30 0.0096168903 0.0306739762
5895.50 -0.0578827036 0.0306163447
5895.70 -0.1942893996 0.0306501410
5895.90 -0.2491112137 0.0306046692
5896.10 -0.0709024504 0.0305444335
5896.30 -0.0161911646 0.0305579959
5896.50 -0.0212056570 0.0306335009
5896.70 -0.0160259874 0.0306731871
5896.90 0.0332370552 0.0307570155
5897.10 0.0497134948 0.0307553916
5897.30 0.0596854024 0.0307329675
5897.50 -0.0367821838 0.0305550989
5897.70 -0.0560930009 0.0304483015
5897.90 -0.0475130334 0.0302311580
5898.10 0.0206174393 0.0302436340
5898.30 0.0085457047 0.0303678227
5898.50 -0.0520807940 0.0301886081
5898.70 0.0262319732 0.0301403314
5898.90 -0.0266906022 0.0301902700
5899.10 -0.0748672922 0.0301523891
5899.30 -0.0724887746 0.0299136262
5899.50 -0.0429439045 0.0298742574
5899.70 -0.0767830818 0.0299021671
5899.90 -0.0393576576 0.0300417072
5900.10 -0.0043051930 0.0302150260
5900.30 -0.0725440636 0.0302249511
5900.50 -0.1192047400 0.0302297813
5900.70 -0.0607580188 0.0303074729
5900.90 -0.0544875908 0.0302272883
5901.10 -0.0566442886 0.0298643595
5901.30 -0.0239680378 0.0299373093
5901.50 -0.0141570616 0.0301908914
5901.70 -0.0156331156 0.0302878693
5901.90 -0.0239022146 0.0302390096
5902.10 -0.0434495764 0.0303138224
5902.30 0.0106564365 0.0303827875
5902.50 -0.0045704096 0.0299701267
5902.70 -0.0590454082 0.0298842504
5902.90 0.0066032263 0.0299112976
5903.10 0.0188510396 0.0298324566
5903.30 0.0433760148 0.0297619508
5903.50 -0.0610805869 0.0297795872
5903.70 0.0306604438 0.0298607634
5903.90 -0.0400145265 0.0298708725
5904.10 -0.0051584573 0.0298953346
5904.30 0.0252794703 0.0299098821
5904.50 -0.0060433504 0.0298585540
5904.70 -0.0321556777 0.0297806828
5904.90 -0.0332548369 0.0297211811
5905.10 -0.0063991429 0.0297297506
5905.30 0.0058944408 0.0298025220
5905.50 0.0092198266 0.0298437481
5905.70 -0.0299259393 0.0298318164
5905.90 0.0355901157 0.0298435400
5906.10 0.0144354796 0.0298360008
5906.30 0.0395931800 0.0297721702
5906.50 0.0587004611 0.0297148055
5906.70 0.0529660918 0.0296973438
5906.90 0.0686418752 0.0297056610
5907.10 0.0054375821 0.0297187558
5907.30 0.0548361649 0.0297614341
5907.50 0.0380528195 0.0298096614
5907.70 0.0097816724 0.0298253740
5907.90 0.0632607141 0.0299045673
5908.10 0.0524409120 0.0299384101
5908.30 0.0241873556 0.0299310019
5908.50 0.0046271710 0.0298733555
5908.70 -0.0833494896 0.0298557028
5908.90 0.0046222013 0.0298412149
5909.10 -0.0729441812 0.0299475385
5909.30 -0.0970767563 0.0298285623
5909.50 -0.0756584447 0.0298220737
5909.70 -0.0566139837 0.0298405384
5909.90 -0.0380452921 0.0298248555
5910.10 -0.0131259713 0.0297059989
5910.30 0.0586296614 0.0298080489
5910.50 0.0131531082 0.0298219714
5910.70 0.0549635941 0.0299235824
5910.90 0.0472745832 0.0300545166
5911.10 -0.0202847157 0.0299968215
5911.30 -0.0006169066 0.0298812865
5911.50 0.0450838485 0.0298685200
5911.70 0.0654227150 0.0297710775
5911.90 -0.0771062944 0.0296353107
5912.10 0.0014543281 0.0296735391
5912.30 -0.1578376216 0.0296555093
5912.50 -0.1248575606 0.0296786957
5912.70 0.0369560968 0.0297807713
5912.90 0.0006837456 0.0298299211
5913.10 -0.0092441874 0.0299191099
5913.30 -0.0756602018 0.0299137588
5913.50 0.0127577124 0.0299212859
5913.70 -0.0946633640 0.0298559779
5913.90 -0.1321534183 0.0298043717
5914.10 -0.0959772830 0.0296871261
5914.30 -0.0525039055 0.0297766810
5914.50 -0.0141049373 0.0297780684
5914.70 -0.0907652298 0.0297757085
5914.90 -0.0476929125 0.0298380662
5915.10 -0.0355455787 0.0298737923
5915.30 -0.1240874061 0.0297624478
5915.50 -0.0268059155 0.0298609159
5915.70 -0.0395979543 0.0299523343
5915.90 -0.1014624008 0.0298754653
